1 -8.141028461104742 3.9692083756348864
2 -6.120081890425034 4.475974252471575
3 -10.084695293212226 -5.33066352173214
4 -10.119252976014987 -4.980982767806733
5 -8.530748533689964 -2.8171418408352484
6 -6.654138524200912 -5.32127728836058
7 -5.533245115341103 -3.674452350905096
8 -5.963084969350631 -1.4099425214463799
9 -3.4138683823462506 -0.4442437302469553
10 -4.474776184185196 -1.5569416016877609
11 5.538955489823223 3.749793065037429
12 4.4645147257056115 1.6445403501269367
13 3.858838265689533 1.702611432738979
14 4.729366752704376 3.994584348598786
15 -0.06708809559478615 -0.8583137917028829
16 0.34410262762538574 -2.272190637560126
17 5.358696160560827 -1.6735056193252107
18 0.1286829433106863 6.321492915044109
19 0.42785530470919797 5.437117419838151