1 -32.986637317134814 34.57965585137042
2 -38.07487214712431 41.7430054680327
3 -29.86157329676778 53.48145167342884
4 -33.9633351879384 40.188768472887915
5 -27.093572366901313 39.27266838175084
6 -45.67527342500665 45.77296702958358
7 -31.961468258494804 50.12688549281951
8 -38.64732853768861 54.55406335975897
9 -27.199481715432178 34.45079758708672
10 -41.61456415963592 56.88277632985451
11 -39.29595149507175 49.430313795114415
12 -41.91519159517803 53.690068639079804
13 -33.67935454669451 46.65472304939749
14 -26.970702441816393 40.01966479173688
15 -35.8971828953209 45.39232302427267
16 -31.436516539998387 47.55989061393123
17 -46.1769913663721 47.350215049357956
18 -41.26732849085991 51.71428622856596
19 -41.70687480718953 36.68531008124788
20 -38.6711168584391 50.13062963553824
21 -29.653136790347137 32.6265554634936
22 -46.23625181997676 47.18026181179308
23 -37.94195243296328 46.12367971953339
24 -29.239068540232324 42.58545122448631
25 -29.032853280777484 41.82958236780239
26 -34.38265738054087 48.04817638300996
27 -33.607772556565486 32.648584247617215
28 -31.299498792777477 54.51447571310523
29 -20.98822812062734 50.42365861763725
30 -34.92345200634233 41.85241173039498
31 -16.7206458826031 36.366546065925036
32 -30.521923140282624 34.99080557489816
33 -26.01109551844754 49.601988885634384
34 -26.206067675273395 45.26926551953004
35 -32.86900140597403 34.45318963803861
36 -37.78289480794042 35.61954106190212
37 -27.069279938912846 46.09266533741588
38 -34.46270977778876 55.769860871460786
39 -19.767244372467715 35.29768584498578
40 -38.74032710846757 43.091452979787405
41 -38.243845749720535 46.74980066267048
42 -43.753699543083805 45.60229445633784
43 -37.26264959521004 49.50586732279864
44 -20.08957024261906 42.7022954574705
45 -26.597147555095972 47.87942899628447
46 -37.995622348115106 48.48251670454117
47 -34.76899364490412 35.53412522478335
48 -33.63865432471179 50.31203050100217
49 -40.416813592216904 40.91220463876547
50 -42.268283630071856 40.83790556127631
51 -18.233959921031303 41.16421317549765
52 -28.01907157696198 42.99864874354606
53 -44.528449314663845 43.77776684621559
54 -35.499665884471796 37.80322954234224
55 -31.83152445719147 37.58828021763275
56 -34.62552312225223 31.23548999102767
57 -22.97200178458027 42.90723703944814
58 -32.48359186979452 36.4436104132376
59 -20.46931678027539 49.80263390329966
60 -22.211963470275872 38.7679767227441
61 -29.15513760814736 43.581302433310796
62 -40.1498675630455 51.86732479420871
63 -28.806452969528756 50.03548651536918
64 -33.571268532405036 38.05817837141109
65 -39.63075568613073 40.00607803204003
66 -28.4594722350171 51.74051854207063
67 -36.340657649686236 46.69323482435425
68 -27.83413190122461 38.286209302989114
69 -22.92315876004927 41.200378292209386
70 -42.887643373912084 40.70388876993876
71 -34.50500039280581 47.96387161870997
72 -36.96606834160216 34.18582011125893
73 -22.59183311155198 45.09490424712125
74 -34.23285667425583 48.9062735288974
75 -26.219066227274105 43.78928365901948
76 -26.43649050543476 37.43850128151662
77 -34.21618669961303 33.24889393810691
78 -31.985974004597328 54.22651497595018
79 -23.124203430205977 35.43815741528395
80 -30.360564306481397 32.059383539862914
81 -33.84337611950097 49.46006474864286
82 -24.954179654667914 46.54828968373375
83 -23.333815498543768 44.838034712663884
84 -25.57085623553069 30.768478697159797
85 -28.698209645038087 32.38686894099181
86 -35.31871871396053 47.37779543698413
87 -23.33520072483148 48.85071276562901
88 -37.943379850273075 37.887408285208764
89 -24.022231426817395 33.45760001081333
90 -32.675017898478416 39.18152519081379
91 -34.910602456972484 40.66094165545143
92 -41.272226158014035 48.27550540687046
93 -24.938494883341985 45.961713931599654
94 -41.150635658268854 48.15363988723493
95 -23.821373694798496 45.7108669421287
96 -25.694959779456923 50.731454457658856
97 -27.437083057462527 37.29476098686679
98 -25.39943349435821 39.160033737484305
99 -36.73364278742318 44.6851990136513
100 -22.571773496406536 29.726939258490827
101 -23.49798224701196 35.365927916540855
102 -27.5163903215024 44.957860964492546
103 -26.600557282866074 49.26451965585343
104 -34.80286112761388 40.059774416242895
105 -23.757320522766726 39.24891912008782
106 -38.29778415815989 51.06845657481164
107 -36.4239708379046 37.55843172708802
108 -28.087886323584538 38.138479112859955
109 -18.323568767362026 44.07560930951623
110 -29.53438997084907 45.31029343695985
111 -39.34153928482324 47.89554004362775
112 -42.36401838328921 48.526118197349035
113 -23.724481790997107 39.41502349741803
114 -27.361958466552753 45.999933590942966
115 -30.51331236900714 55.811640649183964
116 -31.727371057638027 40.74014335941866
117 -40.75583041435224 48.88736428397924
118 -30.803819560576237 41.52683569027539
119 -35.59735919146505 54.24913235395288
120 -29.305689281878173 39.5377528944374
121 -21.700684630468846 40.576635102056585
122 -34.12150881116176 46.59876510192032
123 -34.03857959464741 45.77057846227636
124 -38.23231821221888 48.99473391686063
125 -49.6030291244943 45.70491916796006
126 -24.49205636582784 49.49264882927197
127 -32.51697073833215 49.58779458107465
128 -32.171702724616566 34.546030623330935
129 -26.285230310892125 41.12843656679347
130 -22.925979959120628 45.52051758895855
131 -33.00484452109314 46.05593506663306
132 -33.07705865202938 42.15959565803378
133 -27.015272285975257 48.11628930725902
134 -30.807823375458756 36.38714242506078
135 -28.47107578791717 29.917230776001574
136 -35.22652682689716 50.62855965054753
137 -29.371979573778425 30.871222559860527
138 -31.91803261665727 38.861763929772955
139 -44.53376356894432 49.83162140096818
140 -41.99988769817081 42.05393328606594
141 -36.08902696681339 43.2348788727127
142 -36.234570621693706 44.058986483738586
143 -35.59389473982088 47.901049546252864
144 -29.01965184862444 33.604554439195496
145 -25.282686791021383 51.652956975177794
146 -27.689086949036962 52.651306520809385
147 -40.18871961489143 45.78130725763804
148 -39.14701528044314 41.211610701321064
149 -26.693910725174756 34.557078269451786
150 -41.461153679813634 44.849263307220724
151 -15.308239437070716 47.19817389512108
152 -28.676295404337438 44.408296917650176
153 -20.14458110432441 43.269446636445544
154 -22.472528294029182 30.448266622223258
155 -38.69298773746239 44.28052345256208
156 -35.383470341169364 45.7779443642316
157 -23.73358598937362 32.27988014124496
158 -39.0499359111878 39.374770636418226
159 -33.500641656927044 45.40338286194253
160 -39.93845459583929 44.75272221369039
161 -25.24557267054029 50.657613750973965
162 -37.92400059406714 44.13296237366983
163 -29.557547003656794 34.49726658132871
164 -19.749882009021423 45.15186830629391
165 -40.623837483253766 36.58300343222774
166 -24.869971276291682 42.83255359389444
167 -29.036875049494398 33.63377155767017
168 -33.72518208017215 35.14403465076748
169 -30.25165115264495 38.52614032058145
170 -30.253860195594033 41.30437316922668
171 -30.50102798311533 43.46574417961901
172 -28.18615161948459 47.8284321828763
173 -27.746087224241162 40.157671852439435
174 -38.43706915213068 39.72753862960996
175 -36.45401806363417 44.98794811094253
176 -30.249323108332653 40.625045811666254
177 -31.89288427906099 40.51627429201802
178 -25.464228796621892 39.41182551372082
179 -19.322568682032767 46.06198804190339
180 -31.67722377711436 56.811498552119886
181 -29.995876361931998 43.24227878420999
182 -29.07262235877807 47.198562891896785
183 -24.137400616564243 52.21542081483695
184 -37.27876951538072 42.6427452143334
185 -39.910754670947824 45.34388286547875
186 -30.86065834855149 46.08680017205569
187 -26.040284259378012 39.75244584286087
188 -39.18585688397942 31.732331171108086
189 -24.242686305113526 42.614952618190586
190 -25.469813185133983 34.99947061897223
191 -35.13383874637013 47.42255648996669
192 -32.900149965128776 37.78165999699684
193 -26.286156327758352 41.80284445957682
194 -35.50807756886576 42.14018185557632
195 -29.347740215208287 41.49854704471549
196 -25.335695994428796 36.486035090011846
197 -21.65021201149719 31.336134051542153
198 -25.39884908867473 34.7190028383023
199 -38.30843104324114 48.885724110412056
200 -38.626451603031946 43.96452613025135
201 -29.717610564590792 47.29952163077413
202 -28.791489510251118 44.04437101394902
203 -31.82666700000494 45.838327864483006
204 -27.458930523849958 36.22704044076715
205 -29.12918110191236 42.18075303912285
206 -39.819823774317385 50.3210180924826
207 -27.131603933120655 37.24620870191084
208 -32.62625548386375 44.63727510591367
209 -32.737719798267534 33.284977414925
210 -35.012419200594515 41.45263210257648
211 -25.571573327172587 41.601773861489626
212 -26.18641923208391 47.79856809979639
213 -30.43161969114695 43.733729341168065
214 -31.106500536514652 43.39930189580225
215 -20.5958837486531 36.601279195785374
216 -31.20020310597217 37.03843067267249
217 -31.850299914049714 47.649369739759564
218 -22.523450291023558 39.38441825092327
219 -31.70054235565752 47.21119540856983
220 -28.87618747749432 43.748491093866946
221 -16.18369715356391 34.888856071919896
222 -43.40325523527996 54.42391994345689
223 -43.044996658434236 42.22244423015824
224 -30.8481488581387 42.46180110000185
225 -40.97475099903714 43.21254046357309
226 -26.410906666259965 46.19843402090145
227 -38.05422071040767 51.0740087750072
228 -39.1145019655345 57.24872464268262
229 -26.414426302628762 36.93729629861571
230 -28.66487390615643 46.80873048690207
231 -29.177636623454212 43.315086512802914
232 -27.30866879367598 34.66249442780012
233 -39.32008665935997 49.926838855765595
234 -27.974896331274074 34.75211903888964
235 -31.461403468170232 48.58529312882591
236 -31.20470183467149 44.02171739028994
237 -31.43580245335631 51.02466178295493
238 -40.35836500282694 47.307072656756326
239 -35.43134515019133 42.399326777968554
240 -37.68536881163504 50.766947008363495
241 -23.721393797730496 40.101652467561415
242 -28.711482444079724 46.21825360296069
243 -38.17616945943884 58.92972322704311
244 -28.465364938229715 34.86726841116664
245 -29.843951641099075 44.47200241496023
246 -31.297139329079872 47.62435193778409
247 -25.53220321056339 51.549232461862694
248 -40.93860377299185 49.28951292040399
249 -39.428621425349526 46.37572376621372
250 -31.901402393685707 50.97599147850367
251 -32.21217875469735 41.10310833293292
252 -38.950282037090176 40.88083834291092
253 -38.02452147286055 48.42624189530889
254 -35.73261775905858 34.479350638331866
255 -36.9262101243004 46.8798979305337
256 -38.97098257030128 49.096379373349166
257 -30.33437719887339 44.969376274694866
258 -33.41836775858465 48.66517961048355
259 -29.11532582994498 50.94675781711937
260 -37.58366590560436 34.49943690472902
261 -27.509382703672173 44.79043286457379
262 -32.79809068185113 38.78114106084055
263 -32.4231492385728 31.2468711347841
264 -41.126566399280705 35.11787973002355
265 -26.86095432703312 40.010162006731946
266 -29.06570124445113 41.35092005332994
267 -34.75738240136434 45.18638300473122
268 -34.05916314598171 45.515004303443135
269 -28.2607915947263 37.37991519672208
270 -32.01410274021209 46.30737288033599
271 -31.73416554486984 50.039915922228175
272 -24.318552918596392 48.102645901614515
273 -33.296156949202214 51.15618379681141
274 -33.963904650922174 44.59927842425861
275 -37.05717125346434 49.39931496875003
276 -31.90994366647807 34.24862055199693
277 -18.94059352797644 47.511813192351354
278 -33.039577149479044 42.14617990269322
279 -34.02603361853739 45.14879584044508
280 -43.254913108237396 54.2306662703956
281 -41.04548160711983 43.336880569902775
282 -32.55683031015958 54.59327910061861
283 -27.12688350302632 51.57628511322993
284 -35.57594709511395 42.71817222157814
285 -38.178761994417826 47.011118953169444
286 -44.55439600025258 46.05862122083301
287 -29.201281207969963 41.07514839571659
288 -32.048425654981614 39.75248132915936
289 -25.19500259461105 35.355521519113466
290 -43.4579504244881 37.43635819396576
291 -40.16074372795669 51.4644896049471
292 -27.4824349613229 56.67356710089794
293 -28.26495551120828 37.77500937600952
294 -26.77593095618594 40.09588919023622
295 -33.23306627557398 38.70043942159319
296 -23.942123032622845 34.833266509967544
297 -28.858986417392632 45.001077028316885
298 -24.805977268973074 33.53593265349638
299 -32.38959939779909 39.69385571617003
300 -37.54751786739605 49.60640692384752
301 -32.70986654996409 39.728028495044775
302 -33.237372631348066 42.63810372682269
303 -24.939555708960096 41.93393142808196
304 -32.15766418805842 48.272520761745646
305 -35.043252418410965 45.323007017023784
306 -28.8908355657025 44.028380352613425
307 -24.86451155055212 42.040037207640985
308 -44.44211273293933 35.520276827089305
309 -27.599499428626952 41.5896753259757
310 -37.50437685820191 53.144183943706096
311 -28.413457365433985 32.69233887558129
312 -32.29108596164104 44.69383488693528
313 -29.745207554192756 52.938927073510904
314 -31.841951263854114 39.44898216263666
315 -40.98340917592759 40.63212951738332
316 -34.78888465928515 36.74401513247933
317 -29.80576361764007 37.000655610920674
318 -21.694941765398696 55.43245213697945
319 -33.5680042454179 28.491595044689422
320 -29.303839752316915 40.872739787290406
321 -31.77159605055738 33.006735946516606
322 -25.240952167195374 47.03250535730917
323 -19.991920930888885 37.17201228788308
324 -31.99643071728338 43.915885763838325
325 -38.860265011475605 51.116963856992655
326 -31.18396111129076 41.04198972944095
327 -30.145306928528452 45.80076688546395
328 -28.06193144210256 46.99178042044899
329 -30.49195226671722 48.649332879634336
330 -34.13111389959333 35.60178842675646
331 -32.48182470018996 45.20690099302584
332 -39.67058625901764 48.25479275259048
333 -21.050100636656204 49.126580960902444
334 -38.75929604407304 46.21152769361482
335 -34.76207731740856 50.39995711032851
336 -39.74396779458745 44.951745080163555
337 -38.77591088203852 40.1170099768869
338 -33.448691945993346 58.08823797156691
339 -39.313713856424215 43.70049157699207
340 -33.35070340311453 44.07821267007809
341 -42.48144728951263 100.00356126835837
342 -44.08465285441471 82.82038318749973
343 -30.303195039868164 99.75659176588296
344 -34.94872421111274 69.69675388082639
345 -32.582957328778264 87.25477471490979
346 -42.49511171720444 92.55258077511276
347 -37.63490797416152 88.86333754722625
348 -37.008185453833796 84.26270640808535
349 -26.63662600046189 91.47605947402728
350 -44.20083797090633 75.92130946848089
351 -37.444340581392744 75.59306634843102
352 -39.537628893439646 85.35884273513005
353 -37.29005764996198 87.66959961377658
354 -33.43685461787909 89.51864686861526
355 -28.22604666703798 93.78163477460825
356 -32.61578431991997 84.9364255305568
357 -19.752133448939084 82.21953494896242
358 -37.80384231657877 96.0772653839565
359 -23.168917662113692 95.34781968162142
360 -45.29606513147885 80.0434760015984
361 -31.35415964101159 70.55727072216713
362 -31.13537164038456 102.2805344204184
363 -41.1017680104782 95.76882667419348
364 -31.994647213178528 82.22947056637213
365 -32.694563095508435 93.6211002725462
366 -34.81159240620782 93.51633197131486
367 -33.672733266843544 99.89170312789354
368 -35.22438323205205 89.43736707878143
369 -43.41220007803031 76.35730628410766
370 -38.786986894196936 78.24258272811355
371 -37.21917612266954 95.39618935850918
372 -33.8121471669934 85.05549661427575
373 -28.127497426901463 94.3667554659935
374 -40.783846703391156 73.99187649138511
375 -25.636517530377713 82.8859970860166
376 -40.15823011041126 81.66629700299767
377 -46.74649614922132 88.12438358620827
378 -50.52680010580901 89.77204341165725
379 -25.221569712366414 79.61578558327757
380 -43.462197324901325 92.12803369336216
381 -34.77300468793231 70.86341591219467
382 -25.72166693422237 87.420060198382
383 -27.781022932757512 80.28551321491142
384 -25.509648561808373 82.95750062842163
385 -35.9738653854035 87.77403232543357
386 -45.33137639652286 97.84929691425125
387 -24.73330638428645 99.18638693919422
388 -32.6768772190532 89.95330562676713
389 -34.42785628870457 87.42593301116469
390 -28.68810546395963 88.5844998653989
391 -30.074114808968055 86.66102761493616
392 -27.740546429072438 99.25677644779101
393 -34.28075113133055 85.88779111640285
394 -44.3040076325404 93.32219380749463
395 -34.10489083429218 100.92099335072511
396 -47.69108276553531 83.17389500259907
397 -44.17440246691999 105.32494826035459
398 -12.801613159098668 92.429288790825
399 -37.03780885812287 92.92593793840358
400 -29.238667997318267 75.5910212794077
401 -32.67657142167153 96.32031672862168
402 -24.30988861613077 78.31610250485653
403 -39.92580988453094 98.59653140555663
404 -39.15314907669704 86.73884281921352
405 -42.73624484861442 89.6889883894149
406 -34.94583201995533 92.07870190649855
407 -23.128019083010592 89.71765301945297
408 -40.540414608761665 86.06722660063232
409 -32.29995363028995 100.8784263658163
410 -28.10148123517605 80.23628649312433
411 -38.26819182385845 85.88018957391775
412 -45.3029821028704 67.75155485389928
413 -40.866651262771754 91.25106203746971
414 -47.23472130870186 94.59855810162068
415 -28.1651454572984 67.53022211334216
416 -42.951945602534195 95.507583439021
417 -17.29637366797106 89.4973634484027
418 -38.90475780047643 91.18596903183774
419 -35.90261060908482 88.98835545740691
420 -24.68880903191009 87.3619086271215
421 -42.38901100147596 86.45358269157335
422 -18.0257163165834 88.9460772583306
423 -36.19314866879719 91.4429286145625
424 -47.327501479175105 79.92738081266847
425 -26.785520187836457 88.44144027929968
426 -39.8790382716287 91.25054645881603
427 -36.25620081830936 86.60167079195385
428 -40.54543482668974 85.26213083303892
429 -34.67873967458255 86.23234641221615
430 -17.40479942135888 95.73692966570502
431 -38.88672157343262 91.26140387935607
432 -31.37529840469331 82.33138738527062
433 -27.075306224498345 90.48856232313773
434 -43.36171825067817 84.05540977993567
435 -31.309786103582915 78.81155778193762
436 -40.93863221818465 94.75852949411134
437 -39.049758907755134 82.93583123491439
438 -39.39636847629801 85.0387419761176
439 -38.41218545446441 84.60492324833362
440 -37.99235868106359 81.24259031522968
441 -40.83145632555071 91.80223930335353
442 -26.923404744710087 84.4330011013891
443 -23.811420866404113 91.47437477605526
444 -30.63601686074242 85.3331838684777
445 -21.718663945277918 91.67454064366143
446 -40.12718565945624 85.56952351725216
447 -39.32568313733999 71.48122380812586
448 -28.057027286004406 99.90102077061393
449 -38.4686450924796 90.56817669973736
450 -41.38767699039629 84.40345985953978
451 -33.06017457858315 90.7375059233919
452 -42.38890487581585 77.82031665800538
453 -46.24741211411041 82.51931452958033
454 -29.716003230622185 98.03577453456482
455 -47.846849540622514 88.32717571797896
456 -46.66842041624625 91.75058780329907
457 -36.88558695717189 85.5981789615957
458 -21.756834679772663 85.66219946138696
459 -36.68788099256249 85.2069707051641
460 -47.64053325029111 83.66539041826361
461 -36.93927701816603 99.5677599938111
462 -34.607251504167806 96.88656265017038
463 -44.88298254999434 81.4543777460301
464 -26.71986681039344 78.02988896586449
465 -47.95237386737656 87.85852615448357
466 -33.95785182240972 93.69089982515486
467 -17.542794955843128 87.91240871157127
468 -29.688715562486102 91.69304723803721
469 -39.40412497764881 88.45317508566363
470 -38.75754598511288 80.58089303346787
471 -31.7715912011662 83.25865264790615
472 -39.99088680713548 94.05838873399058
473 -16.136692633326923 90.81926524138262
474 -26.368616928646112 91.24994875714673
475 -41.59425623598757 81.82331324047891
476 -47.204715397472164 88.44486777734446
477 -43.74805879875998 85.71610739068407
478 -26.246685080403893 92.24433193636045
479 -23.903613096689757 88.7014123176258
480 -36.720773414783 90.40872074175644
481 -40.24912259441157 88.40290446422945
482 -34.23869299828918 104.98815576391057
483 -41.644056046124426 93.06778236069535
484 -36.55128363038768 83.32679340636649
485 -32.67724709670934 74.23514041400755
486 -22.110426473927777 85.18664264903956
487 -20.55950268251753 88.55124245536129
488 -46.35104443327776 74.4192895119729
489 -40.63847737813423 95.52113444725616
490 -30.2232839424079 75.2622980815701
491 -29.91162395950036 86.37778153782607
492 -36.08461822332717 89.15669326667839
493 -29.416312004361462 87.94370518408752
494 -36.94365516279041 96.40710233056446
495 -33.00684144507549 93.97583867209327
496 -42.36790150678701 91.22802955986064
497 -42.33092158177901 88.934807835257
498 -34.62167252541425 80.74375715974683
499 -38.22558254371538 78.67074655766243
500 -39.44294621065841 85.03843777579108
501 -39.7363165347687 85.33696482242725
502 -33.756293007148535 90.94825686034216
503 -27.796708573315367 80.46585738075443
504 -24.304330459288025 93.65297527430333
505 -41.09612746627116 89.09947382819709
506 -34.48110079708586 67.51078289000348
507 -25.171923567056645 80.06475980396294
508 -43.63057651932115 83.38935144513437
509 -46.57492818207565 84.75165618094198
510 -12.0654110766089 88.64829039285286
511 -51.62377288616239 93.2250862728108
512 -45.566692456727566 84.9949995933337
513 -37.598609445320065 88.69140104009493
514 -28.943020922242546 90.51747980254568
515 -44.862316088368374 94.43191939238821
516 -37.37067588031334 73.28315730411977
517 -28.401793975440032 79.78497304370909
518 -30.393180977974048 76.34451275256937
519 -19.38600131797156 92.69605269566114
520 -29.4093728848112 73.31053581543438
521 -42.12759069138242 67.71544517201868
522 -42.353075158949274 98.56758297971899
523 -40.16211986525949 74.89998174148421
524 -35.40392197082166 99.37768951131909
525 -33.106860927935685 79.5742248025754
526 -22.786064219914554 88.76076987268286
527 -28.323276935518294 97.99339385706797
528 -44.577281172593196 104.68767169239796
529 -35.172693102052904 89.58226810680617
530 -32.24422697554324 90.40691030157107
531 -24.65479988973853 82.51572307283604
532 -35.22728620460773 82.67755127721819
533 -41.54045377402173 89.53890803213304
534 -36.4810188904523 80.79475910829574
535 -46.50427020043247 86.19326863382778
536 -35.68072597423863 71.42455864868568
537 -28.29386807602554 81.72578359796456
538 -28.794159951739488 84.92495520165726
539 -27.872969037505285 92.9471133292555
540 -28.755285503953566 95.56189722302108
541 -28.55683102571831 79.99731611022385
542 -25.776545170914112 92.3594088338161
543 -25.343311183474093 86.76067916631624
544 -37.10924619997915 83.1832971405395
545 -25.443355727121478 77.99305959521504
546 -31.694967485480795 97.31326481917777
547 -35.224722208393466 86.11273801320945
548 -25.21435945885616 93.29577093516608
549 -26.528058514477568 98.47206963869226
550 -28.863901148798078 87.21258557468978
551 -43.40801579928227 79.73456868429174
552 -45.4922722115986 78.99988021434778
553 -44.78023191998825 85.85584039344609
554 -30.60965956853424 83.05138477036355
555 -48.15885164462062 74.33110583377254
556 -32.881553420663394 96.15923331418685
557 -36.55304429804306 81.79283957810733
558 -37.86962442837382 80.74819498265543
559 -43.44901403358419 81.61371017409311
560 -39.4584783223893 102.78778930127982
561 -30.81024867161653 79.91210514872894
562 -26.979085976710277 78.41268977372832
563 -35.105506643832854 86.34402143699721
564 -30.561691334623063 84.04495123599808
565 -21.95981203669068 76.30591102093842
566 -37.89128847353262 79.96634923245362
567 -40.69774879174788 84.80685921270478
568 -38.77864201024742 92.97896671707154
569 -26.02796201733495 85.87821075762467
570 -29.433170884295777 93.29308117288129
571 -33.8505096102185 73.53316442021469
572 -33.316218886589084 85.13050675890153
573 -43.77183092491254 84.78308779739334
574 -17.69081788196635 90.88908825212233
575 -31.497488952560737 83.95573700058299
576 -33.92978624031302 97.58787873791196
577 -40.94462538775437 77.11894823233962
578 -40.49253363709033 86.64197696325733
579 -28.426739013051268 72.64603291736574
580 -37.896950831882535 78.90772300256498
581 -45.801036119463305 85.03485404823914
582 -35.19648275383552 89.80516535456925
583 -38.11694309058382 78.89678558817222
584 -35.804151404843495 92.70647344725371
585 -32.330153423873945 78.91641329967052
586 -46.052415783951744 92.44853236414278
587 -37.35791874902115 91.74193592734795
588 -46.68193290710029 86.04247509439955
589 -30.008249684611272 84.06011873762898
590 -32.656403782740504 86.39407923462599
591 -44.840906629068556 86.60454661879443
592 -26.564612542474926 77.97029465662017
593 -39.06104017842833 87.69462043113035
594 -32.85668240394958 79.83428965449869
595 -38.368131868739205 99.72568107128195
596 -30.17982079974478 85.46452725289886
597 -36.147168076187825 87.91245325391851
598 -36.53662157157682 78.09557494719596
599 -30.73077466354828 91.42737016556315
600 -22.385591207597656 66.05881598137694
601 -38.66644054829232 79.56099115003164
602 -24.265355494053548 86.29273247580355
603 -28.35897455754414 87.42555160300125
604 -49.35921215047935 78.19737667040526
605 -32.87320557297184 84.67199276875056
606 -35.47781760430357 88.39048554938077
607 -39.92371359255628 80.36715851344806
608 -32.02115907664466 89.31485390100096
609 -48.52042851332316 80.57377847177575
610 -22.880759411431605 91.74259599589645
611 -47.00329842904442 74.52983169097485
612 -24.121900239091573 90.39849185267704
613 -28.129509932477283 92.3975633029896
614 -35.73358782631314 80.98797219546142
615 -33.324074419973805 88.38053417077377
616 -38.27645092247671 87.89360545638684
617 -41.89535243859451 97.1561766213706
618 -25.5226013052756 83.22481628654413
619 -31.057620637633775 78.23042927381822
620 -39.79419838925992 77.19125167229993
621 -38.08564539858659 85.68492039757098
622 -39.512768125138 88.78000268981424
623 -29.41812193966709 75.98071547287392
624 -29.75416338576242 83.0326892198148
625 -38.35180580431395 75.5014373408279
626 -29.635094374937694 86.56750253167864
627 -46.14189599210275 88.0732527187046
628 -34.300188046068385 76.25426442816604
629 -35.94814478133256 84.84907591333607
630 -34.81752899574112 71.64156476365983
631 -33.554360098325866 79.90780309290699
632 -33.016830169498526 78.53922688107738
633 -34.145734171071226 76.92178878162994
634 -44.8159703112603 95.4028568000984
635 -33.48240480671714 78.62688838265146
636 -24.438974718760797 89.48455804361699
637 -36.879865800749045 92.68282395449611
638 -33.06485597193494 90.5294791818541
639 -37.0463383456276 96.127623307503
640 -46.43316119235507 82.0961834266437
641 -31.037140004728908 66.4514329267312
642 -39.05362376912633 84.36352386986404
643 -49.37340015315597 89.92971093026692
644 -30.368772052622862 78.40130517410697
645 -43.10875119399188 76.37930597707144
646 -42.75124390835438 88.39453974960202
647 -40.5541222701425 91.18261731914492
648 -40.38474058820965 85.22841350826573
649 -32.034373700593605 85.90279681229158
650 -25.457101643405785 85.91031469625949
651 -27.495165595882316 82.62531202210849
652 -31.755031645738516 89.47019888266186
653 -40.030681162072916 93.12896904047152
654 -34.56986975131378 76.01908288788404
655 -33.64002298496621 87.1842476071385
656 -34.258930321290535 97.29313743409769
657 -24.72465805593101 87.13248587620521
658 -24.56232758289581 97.2103143964605
659 -37.141218204326655 89.93625427349262
660 -32.137844660026346 88.54312396055575
661 -38.30088088204744 78.56796284976798
662 -41.395051587893086 87.03981529429369
663 -39.66088152173598 82.62007083525964
664 -36.79480626997605 96.86774647342419
665 -40.18750509156604 83.40287391011624
666 -34.69775598426747 87.14035181023253
667 -46.63647316171384 98.780752598746
668 -37.12419083081005 77.24133494197638
669 -44.86430004635684 93.26084147686406
670 -28.78822879429204 86.71312880635281
671 -36.31758361903882 82.16458233160353
672 -26.228663423713627 94.14170061785919
673 -20.832783535472114 90.39395782254374
674 -31.20435541148221 88.19152275741604
675 -40.91255411325406 85.16933806027129
676 -46.76012787474842 77.49742573508476
677 -31.32251647345093 90.81675226891197
678 -27.66316722669662 84.60023596599648
679 -23.077874172044815 88.95194061554216
680 16.53704368067062 62.3997513505718
681 15.53666401145756 62.669669839442776
682 21.135740052834905 55.073022070788745
683 18.989515058220842 66.36252393115468
684 25.179355669829306 46.749241321182936
685 20.209884689019457 57.971150896467535
686 15.92597871832988 59.997648087984366
687 15.87932839719404 54.71486738875702
688 21.259915074933236 62.695869781884426
689 21.210949116084528 52.397531895680366
690 21.947565669305032 72.7645301363779
691 21.435673587966935 61.982808200704525
692 13.97933416672004 59.046712646634646
693 13.222029139007665 59.41917715581502
694 24.88334510778607 54.235760108118996
695 27.859246464572372 51.260712718314046
696 8.167071424235186 71.71363417253136
697 19.20736628561414 63.38903124663095
698 27.327918482354733 52.24076571635199
699 24.746427036502837 69.39966303553663
700 28.043955354426483 55.08043313553344
701 25.273285748856402 59.05988056168897
702 27.303080127480644 63.99015685135743
703 25.301132073562975 63.08180556947852
704 10.69187671189435 47.57973431987024
705 23.712450905784173 55.52458685841651
706 17.150397421592125 60.57864358996727
707 28.54583310776585 65.11355911749146
708 21.070815900329695 61.472695486895745
709 22.499933778813663 62.565237458788886
710 17.552284318279266 60.729056758468126
711 13.106795445626416 52.919998608167155
712 30.233799575553206 52.94833428723049
713 24.44236040168938 58.490697863790345
714 24.169010746351802 50.1168773773552
715 25.191282742476574 67.36805142661568
716 13.813877439576238 69.77338853432373
717 20.457995613283263 66.5462891138206
718 34.177772577555814 56.079939936219596
719 12.44581805494181 68.61832763492234
720 18.13703311288579 64.63008337805636
721 13.792660560288766 54.372928401509874
722 30.539542388512437 60.94616259078241
723 14.504389907743942 62.458335914734
724 20.331924016661347 54.29932120143154
725 22.551301635849967 57.06525047172826
726 15.25587370722791 62.58058785774209
727 19.56999044945268 47.51709646266953
728 18.547393479957687 60.785966816666196
729 18.26961154024717 59.431005073279685
730 21.24191161541484 56.10754569467687
731 16.80325769794699 68.15393570647932
732 10.671268938122669 60.790438242686264
733 9.589424369175141 54.70509257919824
734 19.17745999591473 60.03837428052799
735 32.494718993261564 59.23178338495527
736 15.272603845323824 52.650986064106554
737 26.779273090303725 63.72674181785512
738 29.305902798691676 61.58303746835556
739 23.495034587192336 53.35563703419662
740 22.665715217168696 58.03727670533212
741 23.303603297063564 68.76759027488762
742 22.979143497127385 51.366702026355604
743 25.331796339828742 68.95375364903846
744 14.73570391407948 62.63636142646631
745 21.4897454213625 70.97208562221634
746 8.607917077179462 61.7598795577352
747 22.41068325501074 64.4259091729436
748 26.855461054149306 56.675595559922776
749 28.932134716020773 66.3524381420991
750 5.197230950507397 57.01732583530498
751 20.741047670334783 47.8727660400659
752 18.551817620447657 59.018827558251814
753 14.951687966105453 63.99494242343512
754 18.298602747420247 59.979646983629834
755 16.34057326405016 61.88765418440223
756 7.343133509665521 62.31531004938318
757 22.884821826273072 55.103819438657965
758 14.029483602392524 65.1314500679834
759 21.586205757741073 57.466292058565045
760 21.136379664877563 43.55724338945184
761 23.896049582287603 73.68614038819086
762 25.323639466409954 47.696656021249716
763 24.84817190821271 54.77292374827287
764 17.863977967540105 62.26967283665
765 21.77360016430488 63.72010236853999
766 16.340665604473006 56.75479552339643
767 21.61378702606314 56.139127769051285
768 11.189153586938716 57.251023508391555
769 20.67092420203412 70.14958368578235
770 15.332284361800813 54.22090156039082
771 9.36247701821561 61.92866159143851
772 27.51991252963529 72.97306449134246
773 18.891557881171273 57.377370630177154
774 18.678343637381758 56.147893781359244
775 21.815222212706168 58.487608366731514
776 24.324359800348983 62.04285267170154
777 18.72839675796245 58.82556140940707
778 14.274276011983796 63.46647531128009
779 30.703898276055078 55.536821946711584
780 18.41942018005315 65.38691957305336
781 27.473553765235998 59.00434798890834
782 11.35267383973299 64.6104380198191
783 22.9390427846639 61.13586209988804
784 22.15047427367186 61.394417403619464
785 23.436359514759832 57.184094715106134
786 19.328470663130755 60.236341855049645
787 20.9738711753919 64.49070728210195
788 12.059047562061505 59.416357082693175
789 14.248673790448915 58.32677579485949
790 21.59616477504823 57.77525956052537
791 17.026100409688006 49.03060160264354
792 8.869147424096226 55.638495177862886
793 20.63063959035537 56.988232730815945
794 21.701007883568376 60.14723176719167
795 22.004817815937365 66.51419581499177
796 26.065903310823497 59.89798659158911
797 26.340923013204794 72.99696131885817
798 10.70046367625577 64.79720081478492
799 30.324808875820686 60.1019297609358
800 19.754953967420132 55.688717085082075
801 18.964539848398736 67.93392692903574
802 19.375351374147552 61.14853193961193
803 10.342016236583786 55.84037829075905
804 18.21906747400954 59.44241815399598
805 8.621842629654994 61.18933042872426
806 21.34759932445315 57.582866258562085
807 10.71457082540254 64.97819632622387
808 20.605373501912656 56.40152122268432
809 16.478931375549607 71.64204300201246
810 7.014132284283289 75.28567365400971
811 22.402129109440352 60.012896674251
812 13.351592002440881 58.84842133133334
813 17.59272913137581 64.89411879250527
814 14.60727526195057 60.00190038830953
815 14.621278974792885 63.00205581056283
816 28.312009946716284 55.85482140266063
817 20.685224998431018 57.34839740421699
818 24.80560603802526 56.232788195657086
819 34.14194461809434 47.79889230530438
820 16.780398266528966 57.02265817258828
821 28.138717767143156 55.13416206630171
822 15.655281706773568 64.8136545379749
823 18.824515372381757 57.40060323414513
824 11.531477588933072 59.77679023801974
825 22.24967982237084 61.20718940251038
826 23.81561277176527 47.81760696322259
827 16.544161367779413 62.5096969241458
828 22.434352899065487 51.73517715303551
829 11.663824916908018 63.9026085465042
830 19.522101388602266 68.3547994584816
831 20.477517777545998 60.880341659427955
832 15.154422349373192 62.32856678044446
833 20.465970529254253 54.857079903063195
834 27.159970981955492 54.81890750447089
835 15.62014039749456 52.80387624583189
836 26.504507431370712 68.58342213675485
837 16.511173164770184 61.8228674846459
838 33.330054960712694 54.814364595162125
839 15.098481280745482 63.45064868025029
840 17.963084983229002 61.27666885645399
841 23.1223093030846 68.78689932406861
842 12.05574129433236 56.76130397554193
843 22.40090239334645 59.50926153828738
844 11.12034077401573 71.9673843874995
845 7.156783019513927 57.30384023712328
846 20.522927947184222 61.36706179845081
847 12.838292613484766 58.451613267773986
848 11.606175609199855 63.685790785911514
849 14.377096798146331 68.5100044100979
850 19.369979271761174 50.12191314404353
851 16.238528586838935 58.326371717332535
852 20.699064273350402 53.60144918218444
853 14.721475531157287 62.05780828341811
854 16.93369418712655 58.23585312359427
855 17.781570948570362 62.62832272931044
856 16.221809316104878 51.21584777826728
857 17.718716260178493 52.935560466078684
858 12.582897354941164 69.83192564954054
859 21.19530042359098 69.30837224188872
860 22.88724351071344 58.11836922097365
861 15.179562718830027 54.388757322722626
862 12.33621754308813 59.16206148716753
863 26.03582012345312 65.80177920890392
864 10.867270476657824 61.54348141506671
865 13.056649742573558 50.9411769864046
866 27.407100342576392 57.523725491045205
867 12.627863284570893 49.16693217868658
868 20.350437118547525 58.658488822419265
869 25.841228308210304 68.9872858836909
870 21.49637474978286 56.58621435291912
871 6.57657512160525 58.64962593917249
872 29.54425247569041 54.74343099370288
873 16.34926198556156 57.95685463205829
874 18.04626131197532 52.01092175847295
875 3.059207574982654 56.92995229123657
876 19.404948319658324 72.2719093586258
877 24.14734773121304 63.1286070849697
878 18.73849465704437 62.601448996268005
879 15.863080785829613 56.78024482433178
880 22.599259639888658 64.59065964138239
881 21.917418800937277 64.18153203359289
882 23.669446718495674 68.49431867425037
883 21.815098978608283 51.62683095135744
884 17.708682235703535 65.36108221704737
885 23.40705521214251 54.16463050179167
886 19.63250138569643 57.72769589280166
887 15.99989905191284 61.76514156268237
888 27.198054547833614 57.56668351139586
889 13.372686410439972 57.11923879131713
890 34.756453173207376 61.94866067616026
891 19.517539097330157 69.18285637075712
892 27.435195113530185 72.2870228490716
893 33.657502896757045 64.50958199803065
894 19.433464737405252 54.473772705942814
895 21.519941772966583 55.24987740922706
896 25.73938464411 56.69138792822218
897 28.601647858555797 63.27593578700979
898 15.455229711068915 54.710297961322944
899 11.233450847463882 56.2768757458386
900 21.69295431603299 59.3684689843913
901 22.049448573430276 57.42210295255744
902 17.14319627543674 62.55867823166223
903 29.097354097333366 57.504713874261654
904 29.550003455411865 53.977732848818555
905 14.271581615729076 56.03527645919592
906 34.36707463359334 68.84836253476892
907 20.43556651414682 61.32415188283585
908 14.046166113707827 57.24634038014839
909 22.516314087659012 67.08068959832103
910 17.817237960856236 56.06984811591189
911 16.911966443976212 62.17357764658544
912 21.070540480745173 58.46481611502153
913 20.7224266738031 63.08290192271448
914 23.524805092261403 71.4432159012762
915 20.415577155708373 52.838115685713085
916 10.199976996516202 69.06454512154316
917 23.26720127392567 65.98357817174112
918 25.73122282141037 62.11462011252118
919 27.839829707147878 53.23669901206968
920 25.81424713168242 52.18791208362303
921 18.56811262596641 61.622355540442165
922 10.25826463812816 60.366013030075244
923 10.182871409571714 67.32295098449296
924 20.30135253602856 57.78232873832429
925 17.20897354382516 58.756229301706156
926 11.689893629603972 53.00355748891739
927 29.01251555989775 56.85609842755026
928 12.838461819952691 64.99762708716547
929 23.34172642649429 73.6826670974412
930 21.851451997965192 66.37058034902279
931 26.441556178299997 58.238675264978575
932 20.998403774377493 70.55240205171093
933 16.37803145841771 64.61488168989067
934 25.584681863623313 59.44573597555064
935 17.638344038609308 65.59871485620295
936 16.460460166434988 58.64758600521519
937 21.333815720638405 51.05934036196715
938 19.367450933369962 56.370940764073794
939 21.74742651086271 69.66089640618097
940 17.342430972652622 53.54809527935775
941 11.964095801192713 63.40902922506708
942 23.573184473382554 58.987756562647284
943 26.591964504618172 64.56619791223177
944 19.845424819655644 66.66242960079018
945 15.450087620605185 63.71845695252597
946 27.503896817889178 63.37351233553437
947 5.4574356834426645 57.96894348533708
948 21.89187227865181 58.300806653480336
949 23.53617602231098 66.48524060515118
950 21.37881100003426 55.46832041908297
951 25.58959330245817 57.0300799191917
952 32.247235631353895 75.95401491051122
953 21.001590137822586 62.516775466715515
954 25.258098648787197 62.88226285464664
955 19.468447753928288 58.446714347026024
956 26.841921632560737 67.13958104985458
957 8.685301505819442 53.85601272066906
958 19.10925730815923 57.5526224165555
959 24.55890495040841 60.22457702564133
960 18.570529274191607 64.9224738930438
961 9.631336225200887 64.99047260723478
962 19.19153715208942 65.30142821006612
963 20.47963264428666 57.48680201653803
964 18.239730174512157 62.83918938901641
965 17.589780012784775 70.43810389599584
966 11.85703433956808 58.53265093089637
967 15.684415576791682 61.43591636248786
968 20.2559490135447 68.89185712868617
969 21.362549772373868 59.85273614506435
970 24.341702553828917 59.44118592034978
971 24.16766433933734 53.33061205822771
972 29.367774271874445 73.22778187812307
973 21.92518171420079 65.02592241666554
974 21.25365981171264 54.0234302987568
975 22.32478194503034 60.162040699203864
976 19.247306835647056 57.28483974120111
977 20.59069036607802 49.0021522603161
978 16.886899736628955 60.72726186408615
979 16.7824862838208 65.4894204710429
980 13.353957802354806 59.772764723824935
981 12.313582192081798 58.7891096231759
982 8.552063764102902 60.87583298377196
983 19.67360410638739 66.66767502116599
984 26.986320155994147 54.39993780916091
985 21.450561085794217 53.73035150495805
986 29.26599586864547 64.98975280671927
987 10.340850295216935 64.24102138921508
988 13.728629794953136 57.589509262234166
989 23.726393530047993 72.22895191496065
990 14.59689776718293 65.59105029293752
991 15.789617624961455 55.01829162738372
992 19.820804353048466 56.46827017203989
993 0.015635827075605846 64.96344148975265
994 5.412929196889392 56.289413229725206
995 25.76993938975793 77.278242591064
996 13.536439024601268 52.65568913129904
997 25.74734144403716 69.43476354832211
998 19.70754317886696 55.53180543850446
999 15.380725687139304 61.420111242235166
1000 19.75031016679958 54.33152373001712
1001 14.909175333908244 62.086944011082764
1002 15.531245543836848 57.25749265275763
1003 12.112120219269771 60.409674909077
1004 5.775222763771801 67.24472922654259
1005 16.9721234240045 53.77108189962867
1006 19.74929011341267 71.76366491754445
1007 21.948707447871236 49.272904215304024
1008 15.641684655859546 61.541460117746155
1009 29.378093074351675 53.61637313527101
1010 16.730414001866972 66.05921749388614
1011 20.97933891232483 59.31035837170827
1012 15.711198225459324 60.92255113395089
1013 26.354277110375413 55.35004547951967
1014 29.063765389118846 60.29743212800845
1015 18.108527294156225 60.128828961432355
1016 29.39517437845319 64.6221729053056
1017 21.603402127815052 48.1151186540515
1018 10.812889464579474 57.85324310582837
1019 16.906554492710537 60.44446516327874
1020 13.636839199251732 68.42056043592513
1021 16.774765051947316 53.065773333836205
1022 17.201257090348776 68.25298417140502
1023 30.48157788617983 67.10371249140414
1024 26.873827216509202 52.551756146656196
1025 26.543076385782754 47.51085778037867
1026 14.342904310599923 62.99469444369622
1027 9.67332428911018 51.78692911889131
1028 12.205432553061982 58.78536621595375
1029 32.90996438368911 60.44689881532407
1030 14.194753927229886 46.18591613044375
1031 21.82803672510431 62.037018935776
1032 5.871741429504199 61.056717990640394
1033 19.12283641225536 70.12482267244178
1034 17.42784628891 55.3347975101487
1035 16.19256160852155 71.85011859426511
1036 25.429926296532862 55.30393707911321
1037 31.154054658001865 49.44727663012375
1038 26.45601962510652 53.57919645304282
1039 32.16664907064528 52.982393055394546
1040 200 60