1	1.171418	-0.148833	0.161964	0.003248	0.049480
2	0.896289	-0.130913	-0.018476	0.090745	-0.030967
3	1.045560	0.111650	0.122020	-0.078103	-0.042329
4	0.996100	0.065586	0.183251	0.124482	0.033832
5	0.970940	-0.115672	0.060907	-0.028503	-0.092764
6	1.213024	-0.065320	-0.138154	-0.008164	-0.076597
7	0.896809	-0.139027	-0.055465	-0.036073	0.023469
8	1.055190	0.244902	-0.085378	0.030898	0.068625
9	0.925090	-0.060870	0.081099	0.010924	0.065820
10	1.057261	-0.071680	-0.121101	-0.154937	-0.029941
11	1.025115	-0.025203	0.028476	0.114345	0.135237
12	1.109380	0.013839	-0.048340	-0.047938	-0.074519
13	1.097418	-0.100943	0.166899	0.053286	0.034681
14	0.872418	-0.166014	-0.014948	0.128593	0.085981
15	0.962109	-0.035027	-0.070718	0.244332	-0.059487
16	0.997713	0.015599	-0.038668	0.060331	-0.073299
17	0.885208	-0.008673	-0.026299	-0.052042	-0.096973
18	1.020787	-0.011260	-0.068093	0.033576	-0.065851
19	1.169060	0.026790	0.148991	-0.061090	-0.075843
20	0.955518	-0.236157	0.172047	0.048509	-0.001796
21	0.901297	0.095823	0.001030	0.243489	0.201884
22	0.859505	-0.007242	0.156325	0.107343	0.106603
23	0.994260	0.057073	-0.066269	-0.123535	-0.126146
24	0.861526	0.014018	-0.077436	-0.033346	-0.034411
25	0.960168	0.011864	0.114241	0.096095	0.162628
26	1.000954	0.154484	-0.048984	0.059987	0.113223
27	0.959186	0.056566	-0.186458	-0.031371	0.045324
28	1.072277	0.044953	0.111634	0.005608	0.004514
29	1.168956	-0.104228	0.023029	-0.236862	-0.082734
30	0.916481	-0.164468	0.053903	0.016417	0.127193
31	1.066088	-0.002047	0.005706	-0.002242	-0.063974
32	1.047816	-0.041948	-0.075547	-0.138981	-0.010996
33	1.076313	0.111919	0.015941	0.070961	-0.069924
34	0.979870	0.088580	0.082154	0.040159	-0.163226
35	1.278405	0.139543	-0.123091	-0.001184	0.007152
36	1.047757	0.038026	-0.171336	-0.120327	-0.090361
37	1.087563	-0.009693	0.031650	0.013915	0.050260
38	1.074868	0.107853	-0.163597	0.174436	-0.067697
39	0.960329	-0.067395	0.093061	-0.104044	-0.062155
40	0.991736	-0.053554	-0.074672	-0.104984	0.081774
41	0.970105	-0.036447	0.016417	-0.101290	-0.230093
42	0.860031	0.046366	0.026270	-0.009192	-0.074759
43	0.968953	0.016011	0.016349	-0.144208	0.094643
44	1.016207	0.048283	0.153968	0.087500	0.001825
45	0.896520	0.207604	0.101275	0.031138	-0.260169
46	0.977512	-0.013615	0.019664	0.045014	0.037435
47	1.184724	-0.235413	0.105012	0.104712	-0.035920
48	1.070449	-0.116693	-0.057296	-0.074836	0.017974
49	1.165298	0.224921	0.116726	-0.081298	0.033088
50	0.851566	-0.203336	-0.034975	0.014224	0.018184
51	0.924401	0.187617	-0.093998	-0.130080	-0.009222
52	0.897334	-0.012207	-0.114977	0.064286	0.034730
53	1.101660	0.142308	0.196991	-0.144254	0.150257
54	0.925073	0.111425	-0.032324	0.067276	0.150716
55	1.172596	0.054589	-0.106606	-0.048156	0.050406
56	0.981549	0.144010	0.052216	0.013663	-0.036558
57	1.047775	0.053797	-0.058698	0.056158	-0.135006
58	1.039657	-0.094849	0.047101	0.106637	-0.201250
59	1.050256	-0.126275	-0.086637	0.036922	0.096740
60	0.947914	0.123731	-0.160927	0.146284	0.194441
61	1.147403	-0.333021	-0.042788	0.016978	-0.093824
62	0.935661	-0.042524	-0.169460	0.080887	0.257631
63	0.974597	-0.139103	0.013227	0.124719	0.101471
64	1.020992	-0.061954	0.262995	0.056230	0.060315
65	1.227442	0.021544	-0.026198	0.032254	-0.004683
66	1.142694	0.097382	0.198232	-0.001346	0.132490
67	0.957101	0.070301	-0.023152	-0.160732	0.067105
68	0.994108	0.090017	0.068530	-0.108070	0.109807
69	0.999443	-0.071417	0.102704	-0.086374	-0.021753
70	1.201008	-0.001242	-0.122592	0.163530	0.065983
71	0.848516	0.126101	0.136040	0.105025	0.073600
72	0.930866	-0.153600	-0.164836	-0.034177	-0.023225
73	1.143918	-0.018962	0.101654	0.094739	0.093591
74	1.029150	-0.010443	-0.273678	-0.143718	-0.055916
75	1.270756	-0.110715	-0.026885	-0.084112	0.172828
76	0.992760	-0.070363	0.043866	-0.120785	0.024264
77	0.734228	0.019713	-0.004854	-0.022094	-0.160822
78	0.954804	-0.149837	0.004225	0.232003	0.090293
79	0.946336	-0.124217	0.170365	-0.148333	0.031089
80	0.946472	-0.011293	0.231298	0.032555	0.121006
81	0.882594	0.113314	0.051650	0.026554	-0.220169
82	1.068356	-0.129385	-0.172855	0.121163	-0.116174
83	1.083837	-0.003475	-0.027218	0.051191	-0.063741
84	1.061460	0.039938	-0.004086	-0.061125	0.025455
85	0.824048	0.099557	-0.015335	0.011695	0.070540
86	0.939064	0.048726	-0.035823	-0.020084	-0.024981
87	0.977087	0.080296	-0.134267	0.010518	-0.110332
88	1.045342	-0.034396	-0.095169	0.003697	0.044230
89	0.953511	0.023702	-0.014188	0.055732	-0.027376
90	0.945158	-0.035636	0.036097	-0.099018	-0.212859
91	0.993666	0.031415	-0.060776	0.054024	0.029471
92	0.965402	-0.096721	0.027446	-0.199260	-0.072392
93	0.957749	0.113781	-0.182793	-0.136736	-0.025206
94	1.110125	0.034277	-0.013763	-0.076414	0.024672
95	0.882603	0.088067	0.085690	0.024380	-0.053671
96	1.077350	-0.156938	0.249352	-0.027695	-0.183788
97	0.968576	-0.004262	0.030977	0.054155	-0.006103
98	1.036200	-0.141514	0.030001	0.121978	-0.090131
99	1.011541	0.046365	0.018835	-0.031078	0.061667
100	1.114677	-0.148726	0.137800	0.039153	0.139950
101	1.007171	-0.137110	-0.029052	-0.115922	0.059698
102	1.144788	-0.054348	0.202294	-0.079149	-0.139391
103	0.899790	0.020745	0.011564	0.023508	0.098667
104	1.061325	-0.167794	-0.078440	0.058672	0.049362
105	0.993988	0.026440	-0.174060	-0.080565	-0.124237
106	0.961144	-0.078114	0.037337	0.014067	-0.007599
107	0.999555	0.013578	0.094838	-0.070384	-0.118279
108	0.879185	0.083823	0.048386	-0.064959	-0.007679
109	0.989595	0.132492	-0.135941	-0.017380	-0.144826
110	0.977154	0.168261	-0.013652	-0.045264	-0.146042
111	0.955691	-0.179977	-0.068890	0.077739	0.004994
112	0.959869	-0.064432	-0.068123	-0.062627	0.153427
113	0.983305	-0.071973	0.210927	0.000574	0.047392
114	1.003103	-0.055342	-0.024499	-0.054768	0.085563
115	0.890899	-0.010893	0.165900	0.134882	0.046718
116	1.002762	-0.040205	0.141355	-0.144596	-0.039361
117	0.939678	-0.053128	0.151248	0.075637	0.155649
118	1.103429	-0.019157	0.015672	-0.007447	0.019634
119	1.240440	-0.006017	0.050320	0.075267	0.045087
120	0.959935	-0.013633	-0.041378	-0.016457	0.229865
121	0.911475	-0.065838	-0.070062	0.005912	-0.065377
122	1.026201	0.014077	0.040064	0.027805	-0.085090
123	0.909353	-0.073834	-0.051777	0.055032	-0.025649
124	0.867455	-0.009173	0.034266	0.045948	0.030747
125	1.037711	-0.150031	-0.166354	0.034818	0.049574
126	1.005603	-0.120719	-0.092062	0.006487	-0.038045
127	1.043263	-0.122677	-0.109107	-0.051313	-0.106974
128	0.962134	0.303799	0.023084	0.140582	0.072694
129	1.064314	0.083431	0.019884	0.061089	0.095465
130	0.985912	0.159333	0.074733	0.039901	-0.169021
131	0.945368	-0.133960	-0.218867	-0.064406	-0.060760
132	0.950922	-0.047716	0.031861	-0.016092	-0.084648
133	0.947399	0.087966	0.066076	0.024985	-0.020883
134	1.114685	-0.120419	0.139375	-0.063188	-0.168983
135	0.813412	0.124260	-0.025866	-0.137407	-0.018383
136	0.993698	-0.224252	-0.133631	-0.084101	-0.095602
137	0.959182	-0.000370	0.096453	-0.064075	0.054317
138	0.846938	0.063477	-0.024017	-0.027913	-0.078973
139	0.952157	-0.072577	0.096285	0.011070	-0.122795
140	0.989750	-0.097095	-0.059823	-0.068253	0.023601
141	0.799097	0.008403	0.029047	0.112463	0.203703
142	1.091492	-0.143642	0.039914	-0.159682	-0.028094
143	1.105118	-0.209147	-0.036385	-0.057521	-0.065635
144	1.064856	0.027433	-0.019777	-0.040311	0.048582
145	1.059590	0.185742	0.060876	0.141883	0.120187
146	0.996059	-0.062524	-0.014821	0.044395	0.101592
147	0.908931	0.009630	-0.051085	-0.072645	0.138850
148	1.109228	0.022832	0.076053	-0.047643	-0.015753
149	1.006224	0.007721	-0.093953	0.057850	0.241909
150	1.032536	0.172026	0.105329	0.125306	-0.108905
151	0.998245	-0.058576	-0.029541	-0.153263	0.214079
152	0.963464	-0.004589	0.071586	0.007309	0.091418
153	1.036733	0.017426	-0.132460	0.101678	-0.057786
154	1.092307	0.052823	0.252478	-0.088462	-0.082000
155	0.956246	0.245813	0.017563	-0.085722	0.022634
156	0.919424	-0.106846	0.068958	0.056653	0.226051
157	0.892425	-0.167591	0.085889	0.110317	-0.119014
158	0.937667	-0.123643	-0.053691	0.048320	0.076456
159	1.040223	-0.036716	0.060464	-0.037649	-0.086308
160	0.900722	-0.094844	-0.018498	0.028593	0.153143
161	0.961323	-0.043488	-0.189169	-0.035443	0.057433
162	0.918485	-0.134506	-0.059227	-0.032737	-0.110192
163	1.012683	0.031933	-0.108939	-0.039518	0.067965
164	1.061448	-0.182865	-0.166942	-0.012355	-0.049268
165	0.938555	0.001729	-0.239875	-0.095856	-0.051858
166	1.102260	0.064246	0.091862	0.062201	0.090025
167	0.864824	0.042431	-0.151177	0.100665	0.067111
168	1.080290	-0.161094	-0.054208	0.002526	-0.149298
169	0.797263	0.045442	-0.147438	0.036527	0.061920
170	1.004151	0.037992	0.069942	0.037211	-0.042607
171	0.852913	0.105173	-0.053518	0.151159	0.272160
172	0.951715	-0.074833	0.138872	-0.054973	0.140219
173	1.071635	0.019999	0.101677	-0.067525	-0.109801
174	0.963182	-0.049876	0.058298	0.100060	-0.060982
175	1.205888	0.131907	-0.105111	-0.144653	0.058804
176	1.018484	-0.102239	-0.082402	-0.036304	-0.154977
177	0.890544	-0.174754	-0.001142	0.018933	0.011694
178	0.942655	-0.104489	0.210122	-0.198195	-0.122952
179	0.965829	0.101865	-0.176823	-0.013461	-0.125199
180	0.966937	-0.038708	0.068684	0.035605	-0.092357
181	1.017817	-0.047790	-0.014744	0.096227	0.036011
182	1.146645	0.096355	0.085274	-0.046260	-0.022633
183	1.110858	-0.112448	-0.133111	0.267809	-0.068566
184	1.054108	-0.114534	-0.088737	-0.190842	-0.064099
185	0.929379	0.045436	-0.085808	-0.087040	0.004650
186	1.091795	0.160810	-0.039004	-0.020098	0.007820
187	0.940862	0.029975	0.079642	0.008837	-0.002717
188	0.959999	-0.149885	-0.038488	0.114990	0.042241
189	0.945434	-0.037679	0.183060	-0.022913	0.143983
190	0.908529	0.170620	0.001367	0.068983	-0.067444
191	0.916816	-0.098385	-0.068732	0.136223	-0.047186
192	1.147878	0.115901	0.050513	-0.035881	0.060220
193	0.947416	-0.010082	0.037653	0.050533	0.167903
194	1.033228	-0.151457	-0.022911	-0.178683	-0.213589
195	1.024312	-0.109834	-0.172800	-0.085292	0.085700
196	1.113252	0.098620	0.042031	-0.059810	0.007043
197	1.087797	-0.081139	0.067948	0.071418	-0.137151
198	1.060819	-0.134256	0.045991	0.078451	0.181470
199	0.922054	-0.129343	0.018373	0.004257	0.181075
200	0.935806	0.028591	0.165778	0.069731	0.161709
201	1.073237	0.105282	0.049076	-0.010420	0.086069
202	1.056663	-0.079561	0.059199	-0.052597	0.119770
203	1.169537	-0.089600	0.104320	0.123501	0.145888
204	1.047285	-0.085796	-0.061487	-0.044090	0.027384
205	1.089977	-0.014691	-0.031492	0.090706	0.027894
206	1.020443	-0.012150	-0.128949	0.017728	0.037782
207	0.683644	0.035832	-0.069401	-0.022817	-0.016362
208	0.982894	0.028474	-0.181780	0.100848	0.004742
209	1.114034	-0.076912	0.043691	-0.048127	-0.023572
210	0.993578	0.069085	0.065295	0.102443	-0.117758
211	1.075606	-0.008302	0.134090	0.143364	0.209430
212	1.022552	0.155080	0.101306	-0.080304	0.004911
213	1.166778	0.147060	-0.054801	0.055404	-0.061485
214	1.104041	0.121463	0.056351	-0.092749	0.106763
215	0.841772	-0.112029	-0.056140	-0.075058	-0.044293
216	0.889118	-0.008199	-0.015895	-0.052729	-0.010241
217	0.901282	0.055162	-0.193599	0.029382	0.007647
218	1.058868	0.016952	0.169860	-0.098732	-0.015170
219	1.142534	-0.044631	-0.059618	-0.195753	-0.125457
220	1.043418	0.074730	0.162594	0.060675	-0.033768
221	0.699833	0.049007	0.118464	-0.143871	-0.033214
222	0.991600	-0.076677	-0.063151	0.048850	0.062615
223	1.072014	-0.130234	0.132347	-0.107348	-0.001808
224	0.923624	-0.005922	-0.071533	0.060067	0.076751
225	0.958257	-0.029200	0.059820	-0.128678	0.013539
226	0.917305	-0.031675	0.154718	-0.091654	0.013866
227	0.987371	0.069245	0.225807	0.077755	0.081681
228	0.917245	-0.018260	0.120906	-0.109851	-0.131837
229	1.047646	-0.105684	-0.010212	-0.032092	-0.085844
230	1.031228	-0.054006	0.081642	0.061272	0.044289
231	0.913469	0.064922	0.058187	-0.080939	-0.041610
232	1.037321	0.092880	0.114410	0.029278	0.148367
233	1.026034	-0.148835	-0.006808	0.126817	0.067091
234	1.061704	-0.130779	0.137995	-0.064718	0.109115
235	0.928162	-0.013264	0.190387	-0.000008	0.032687
236	1.019619	0.070143	-0.046679	0.034444	-0.083127
237	0.867046	0.059544	0.039412	0.012015	0.008677
238	1.006234	-0.040973	0.010068	-0.011638	-0.030129
239	1.102122	-0.120860	0.024344	0.157692	-0.043652
240	1.090769	-0.227711	-0.084411	-0.061084	-0.249760
241	0.825571	-0.059500	-0.046703	-0.051715	-0.167100
242	0.887390	-0.163460	-0.078926	-0.033030	-0.149749
243	0.775377	0.018145	0.069736	0.064743	0.003719
244	1.038549	0.045362	-0.001364	-0.029175	-0.196029
245	1.115984	0.064567	-0.039519	0.080492	-0.064271
246	1.037611	0.211238	-0.150128	0.097331	0.128792
247	0.950554	-0.054674	-0.077399	0.116416	0.009561
248	1.037681	-0.066431	0.078414	-0.113722	0.011236
249	0.948740	0.015275	0.130463	0.008353	0.017266
250	1.129769	0.036156	0.001531	-0.126226	0.026706
251	1.018664	-0.012476	0.092359	0.059611	0.098257
252	1.014393	-0.036570	-0.014203	0.013363	0.062125
253	1.098456	-0.095452	-0.222824	-0.063736	-0.045186
254	0.989023	0.065746	-0.174491	0.175613	-0.040032
255	0.860377	-0.097212	0.127849	-0.064097	-0.121950
256	0.833683	-0.029208	-0.011101	0.038573	-0.044319
257	1.089270	-0.012164	-0.021845	0.051372	0.073248
258	1.199046	0.036753	-0.200183	0.045951	0.088158
259	0.992808	0.223795	-0.010134	-0.003289	-0.207074
260	0.949936	-0.194686	-0.049554	0.105553	-0.038168
261	0.931591	0.046099	0.008520	-0.127202	0.105272
262	0.945195	0.059205	-0.089414	-0.125705	0.022153
263	0.956321	0.033943	-0.025127	0.095172	0.119644
264	1.130621	-0.021615	0.043287	0.101760	0.099975
265	1.206885	0.061321	-0.172190	-0.018615	-0.063536
266	0.899599	0.098789	0.013550	-0.103081	0.049642
267	1.023543	0.278660	0.186200	0.111679	0.110314
268	0.871363	-0.039143	0.077827	-0.070217	-0.164701
269	1.082862	0.232494	-0.065519	-0.018876	-0.003064
270	1.106676	-0.147533	0.017253	0.063028	-0.174235
271	0.966734	-0.155727	0.069940	0.083972	0.029179
272	0.992855	0.015561	0.027455	0.074165	-0.081263
273	0.889209	0.192434	-0.047195	-0.031089	0.128756
274	1.042579	-0.053933	-0.049432	0.122572	0.015212
275	1.012904	-0.136438	-0.025452	-0.034490	-0.134780
276	1.058796	0.003675	-0.051366	0.002328	-0.031790
277	0.952374	0.021719	0.174034	-0.156595	-0.037947
278	0.971450	-0.055249	-0.035004	0.044095	0.112972
279	1.120321	0.046301	-0.013114	-0.148740	0.079149
280	1.041332	0.019775	0.053464	-0.010361	-0.061778
281	0.957441	-0.000390	0.041873	0.098029	0.000269
282	1.128376	0.117075	0.210437	-0.142694	0.012996
283	0.916745	-0.173698	0.153627	-0.201141	0.098578
284	0.907036	-0.036911	0.041683	-0.000126	-0.143831
285	1.131848	-0.083392	-0.027477	-0.226407	-0.144721
286	1.003821	-0.101250	-0.183651	0.014698	0.129281
287	1.055368	-0.013378	0.038963	0.004754	-0.026027
288	1.014951	-0.043948	0.238011	-0.040889	-0.209606
289	0.883831	0.051975	-0.133034	0.075665	-0.010418
290	1.047523	-0.065202	-0.086774	-0.160813	-0.028395
291	1.094588	0.095379	0.007086	0.001962	-0.109148
292	0.935196	0.095638	-0.027844	-0.150159	0.004461
293	1.024045	0.063608	0.009627	-0.194161	-0.068173
294	1.025278	0.011950	0.046103	-0.048809	-0.006432
295	1.109244	-0.008352	-0.069558	-0.044134	0.143751
296	1.173943	0.026921	0.012874	0.015188	-0.190830
297	1.040906	-0.002677	0.259265	0.043830	0.063477
298	0.991581	-0.036687	0.004152	-0.025806	-0.027090
299	1.121573	0.227340	0.038747	-0.056044	0.012729
300	0.910835	0.067213	0.005971	0.038748	-0.076659
301	1.076818	-0.125988	0.139023	0.032532	0.016565
302	1.130514	-0.110748	-0.011451	0.055706	0.074212
303	1.035698	0.051122	-0.111919	0.087773	0.163285
304	1.090608	-0.184178	0.132417	-0.023236	0.191773
305	0.965670	-0.023140	0.193162	0.072245	-0.109616
306	1.003416	0.015461	-0.019237	0.111454	0.095137
307	0.965143	-0.189355	-0.041339	0.004433	-0.186927
308	1.008071	-0.288268	-0.105261	0.026406	0.059016
309	0.980571	0.061526	0.139737	0.124641	-0.269815
310	1.005534	-0.162484	0.016223	-0.046237	0.016181
311	0.943809	-0.022448	0.033106	-0.276605	-0.198523
312	1.050989	-0.034497	0.093296	0.094212	-0.095301
313	0.942790	0.062973	0.025180	-0.015945	-0.004922
314	0.952693	-0.034942	0.088948	0.060030	0.135203
315	0.938592	-0.006683	-0.237631	-0.052742	-0.013578
316	1.116318	0.097680	-0.059172	-0.048837	0.065432
317	1.051128	0.046200	-0.004449	0.125635	-0.015092
318	0.978197	-0.003548	0.014728	0.051934	0.064422
319	0.944413	-0.090000	0.095272	-0.006805	0.128347
320	1.120672	0.236431	-0.003661	-0.024030	-0.206841
321	1.015509	0.239188	0.037461	-0.070655	-0.111818
322	1.221313	-0.108686	0.017926	0.062642	0.031632
323	1.124523	-0.225853	0.031506	-0.015864	-0.013731
324	0.934762	-0.030350	0.051289	0.130672	0.079079
325	1.103643	-0.074605	0.068587	-0.146951	-0.088080
326	1.192786	0.016899	-0.006871	0.110085	-0.020303
327	1.242474	0.042656	0.126836	-0.012833	-0.037056
328	0.939548	0.008074	0.031922	0.083286	0.048562
329	1.040492	-0.025350	0.144871	0.087061	-0.036911
330	0.986832	-0.087100	-0.045812	0.057382	0.036652
331	0.897617	0.098411	0.067217	-0.029382	0.058011
332	0.876797	-0.150712	-0.151899	0.006573	-0.027530
333	0.909526	-0.134003	-0.023745	0.067707	0.233480
334	1.132185	-0.018536	-0.130238	0.169622	-0.118669
335	0.801055	-0.028296	0.191335	-0.086287	-0.055168
336	0.726494	0.181933	0.100078	0.064492	0.074955
337	1.104664	-0.040305	-0.030253	-0.000711	0.166424
338	0.983868	0.033018	-0.009041	0.020304	0.096244
339	1.010947	-0.177443	0.199822	-0.029598	-0.000214
340	0.904181	-0.138981	0.080447	-0.055290	0.115685
341	0.848155	0.056247	0.100959	-0.106208	0.093330
342	1.080007	-0.186157	-0.022783	0.051151	-0.053027
343	1.018497	0.017668	-0.131412	-0.037860	-0.099802
344	1.002893	0.035975	-0.204781	0.062132	-0.048427
345	0.881523	0.122160	-0.191390	0.031571	-0.019728
346	0.919083	-0.025759	0.216323	0.081915	-0.083100
347	0.964519	-0.054575	-0.025943	-0.003238	-0.080214
348	0.972899	0.112200	0.132268	-0.055902	0.003415
349	1.114125	-0.070781	0.018341	-0.206383	0.045358
350	1.006232	-0.062902	0.106218	0.005969	0.056418
351	0.920160	0.131955	-0.166172	0.108319	0.008631
352	1.029185	-0.071067	0.090277	-0.040602	0.015842
353	0.982573	-0.121683	-0.070243	-0.115670	0.108820
354	0.992371	-0.177728	-0.051178	-0.098053	-0.146990
355	1.049775	-0.023031	-0.011882	-0.160232	0.063336
356	0.968556	0.059081	-0.016728	0.005095	0.225104
357	1.132138	-0.080256	-0.023771	0.102165	0.002307
358	0.834554	0.078725	0.107986	0.103724	0.139609
359	0.974880	-0.204240	-0.250704	-0.031492	-0.084790
360	1.075215	-0.125833	-0.080966	-0.018320	-0.058951
361	1.021860	0.019106	-0.048551	-0.149521	-0.013672
362	1.005407	-0.227696	0.081299	-0.002586	0.122690
363	0.935125	-0.065915	-0.131930	-0.023788	0.100220
364	0.836827	-0.038255	0.006387	0.053581	0.157610
365	0.998419	0.078992	0.063461	0.023380	0.145342
366	0.930092	0.023425	0.070115	0.077065	0.041727
367	0.986123	0.094537	-0.001727	0.049278	0.112052
368	1.028702	-0.184962	0.051609	0.112555	0.061334
369	0.836256	0.000272	0.077827	-0.031038	-0.008661
370	0.978588	0.053804	0.164541	-0.110877	-0.007252
371	0.987649	-0.008761	-0.125298	0.014177	0.063923
372	0.963237	-0.031292	0.049516	0.015019	-0.148250
373	0.910187	0.136527	0.109765	-0.060901	0.077555
374	0.911671	0.169699	0.152273	0.115005	-0.010343
375	1.074174	0.117707	0.063524	-0.059639	0.072008
376	1.115740	0.010184	0.021545	-0.073909	0.102572
377	0.829788	-0.015234	-0.122920	0.125079	-0.071322
378	0.948407	0.049840	-0.020966	0.030499	-0.081383
379	1.209957	0.062217	0.044204	-0.059820	-0.014910
380	0.976850	-0.028223	-0.032691	-0.047031	0.080108
381	0.969543	0.051166	-0.078563	0.133870	-0.123166
382	0.933337	0.010677	-0.013844	-0.081537	-0.055652
383	0.904418	-0.185153	-0.138269	0.058890	-0.075704
384	0.961318	0.116417	-0.047940	0.039866	-0.082545
385	1.031039	0.022164	-0.155585	-0.136506	-0.013076
386	0.981644	-0.016375	0.149676	-0.137774	0.082790
387	0.918040	0.071231	-0.126566	-0.177833	0.071881
388	0.974339	0.159326	0.000506	-0.000212	0.140208
389	0.987350	0.050476	-0.064253	0.014830	0.094386
390	1.056423	-0.158516	0.031194	0.192653	0.023674
391	0.994397	-0.050487	-0.193477	0.022226	-0.083095
392	0.964522	0.105530	-0.007691	-0.231229	-0.000566
393	0.983033	-0.013309	-0.060454	-0.032078	0.089366
394	0.852993	0.103876	-0.037073	-0.091563	0.139646
395	1.060843	0.079278	-0.095639	0.054328	0.045954
396	1.056691	-0.119519	0.047487	0.097238	0.061457
397	1.134178	0.161795	-0.007102	-0.022219	0.105913
398	0.759386	0.045824	0.147282	0.008952	-0.142817
399	0.841589	-0.053887	-0.068324	-0.104088	-0.139082
400	0.941794	0.038901	0.052173	-0.075735	-0.121112
401	0.916087	0.066266	0.050928	0.085758	-0.141041
402	1.121926	-0.248439	0.003927	-0.196653	-0.002929
403	0.998629	0.094711	0.117001	-0.025464	-0.142391
404	0.941039	0.141191	0.056208	0.069779	-0.060732
405	0.926784	-0.054832	0.067799	0.005493	-0.036093
406	1.015045	-0.022889	-0.147066	-0.140774	-0.009754
407	1.038271	0.061785	-0.119316	-0.124215	-0.003866
408	0.993609	-0.046168	-0.121097	-0.174367	0.202637
409	0.882124	-0.212309	0.179496	0.005478	-0.150883
410	0.954259	-0.023992	0.087758	-0.067770	-0.041250
411	1.081649	-0.231332	0.068187	-0.160392	-0.040201
412	0.930734	0.038037	-0.008475	0.003448	-0.028044
413	0.834719	0.037677	-0.052186	0.009079	0.059185
414	1.215174	-0.123201	-0.062546	0.245729	0.115248
415	1.057673	0.041475	0.212216	0.106027	0.180915
416	1.207464	-0.027521	0.136516	0.206751	0.068682
417	1.172512	0.062922	0.078669	-0.023166	-0.025490
418	0.966684	-0.197485	0.065850	0.073786	0.140792
419	1.160364	-0.033108	0.112845	0.076884	-0.079848
420	0.814670	0.080998	0.056200	0.089130	0.048881
421	0.994521	-0.107283	-0.114073	-0.077288	-0.061522
422	1.115732	0.051036	-0.047485	-0.122476	-0.113251
423	1.008244	-0.030214	0.015548	0.047428	0.209006
424	1.031233	0.078686	-0.100975	-0.021847	0.007465
425	1.135286	-0.058727	-0.109485	0.009066	-0.023490
426	0.961231	0.019163	0.027542	-0.140229	-0.231405
427	0.997496	0.134850	0.059365	0.047697	0.253099
428	0.857018	0.080727	-0.044919	-0.041372	-0.183615
429	1.043623	0.102393	-0.229057	-0.097933	-0.035524
430	1.060306	-0.073469	-0.055364	-0.028294	-0.036319
431	0.934616	-0.049234	-0.092715	0.003108	0.084765
432	1.100854	-0.048255	0.100158	-0.025097	0.039430
433	0.851645	-0.048411	0.065140	0.017197	-0.122262
434	0.969380	-0.052682	-0.139165	-0.044776	-0.088057
435	1.182990	-0.317949	0.028955	0.193699	-0.034595
436	0.993602	-0.271301	-0.003239	0.090755	0.002185
437	1.015338	-0.110153	-0.162517	-0.094999	0.023366
438	0.904479	-0.032902	0.010555	0.066974	0.058301
439	0.938292	0.028770	-0.033028	-0.068265	-0.034168
440	0.743379	0.030235	0.035442	-0.013512	-0.251447
441	0.950501	-0.183752	0.064589	0.032822	-0.048688
442	1.171655	-0.133841	0.079906	0.153036	0.030484
443	0.721410	-0.127345	-0.084980	0.003894	-0.006665
444	1.205770	0.071645	0.026008	0.092041	-0.023818
445	0.914974	-0.024383	0.269537	0.155484	0.227196
446	1.058083	-0.072437	-0.027868	-0.035895	-0.075021
447	1.074312	-0.105122	0.085648	-0.086522	0.145131
448	1.196361	-0.170070	0.015018	0.024676	0.102974
449	0.992539	0.083295	-0.062100	0.088643	-0.157182
450	1.039015	0.022672	0.147508	0.090170	0.004579
451	0.951375	-0.008972	0.001027	-0.109473	0.120649
452	0.820769	-0.055275	0.003414	0.082731	-0.020032
453	0.919594	0.021530	-0.009883	-0.143554	-0.088207
454	1.170815	0.047484	0.061078	0.188734	0.035847
455	1.141171	-0.175084	0.118617	0.065474	0.286478
456	0.992034	0.068073	0.090104	-0.153593	-0.005134
457	1.129603	-0.144440	-0.046299	-0.097868	0.015970
458	1.062188	0.011075	-0.035503	0.074080	-0.195374
459	1.072493	-0.044563	0.244320	0.135218	-0.110236
460	1.021491	0.003792	0.174052	0.147151	-0.023909
461	0.931802	0.105724	0.199609	-0.244793	0.120035
462	1.107795	0.114754	0.061795	0.084015	0.169828
463	1.132250	-0.049921	0.027047	-0.026515	0.160123
464	0.933746	0.047762	0.013834	-0.077522	0.186930
465	1.040337	-0.020003	0.161332	0.002336	-0.052996
466	1.068982	-0.032062	0.004423	0.020636	-0.096227
467	0.855814	-0.174193	-0.079542	0.184487	-0.005580
468	0.931609	-0.011912	0.043125	-0.051560	0.079107
469	0.961115	-0.089878	0.049488	-0.003717	0.033592
470	0.959357	-0.168432	-0.083189	-0.009622	-0.050967
471	0.868884	0.078656	-0.050687	0.027009	-0.151122
472	0.923910	-0.077624	0.007912	0.035136	0.081770
473	0.941481	-0.028328	-0.044523	-0.092521	0.052069
474	0.988882	0.118315	0.029702	-0.061312	-0.076020
475	1.042111	-0.063571	0.023496	0.004976	0.043530
476	0.766692	-0.014341	0.140414	-0.041913	0.107297
477	0.976228	-0.075032	-0.076709	0.017846	0.128015
478	1.005553	0.033025	0.013292	-0.107432	0.051346
479	1.074427	0.054389	-0.060112	-0.062877	0.064281
480	0.903279	-0.005123	0.124783	0.043649	-0.109686
481	0.847506	-0.110986	-0.078457	0.017239	0.207013
482	1.135599	0.077453	0.024421	0.198854	0.034369
483	0.992259	-0.102325	0.037786	0.094608	-0.007781
484	0.990003	0.067668	-0.130718	0.079930	-0.119851
485	1.096496	-0.088500	-0.009980	-0.062830	-0.040604
486	1.001779	0.158799	0.030362	0.157889	-0.010809
487	1.287643	-0.188023	0.022436	-0.026183	0.068866
488	0.891809	0.075006	-0.016592	-0.004582	0.025792
489	0.899968	0.032245	-0.095454	-0.002209	-0.241743
490	1.235786	0.058849	0.016884	-0.018684	0.055392
491	0.999726	0.009706	-0.015059	-0.136679	0.026018
492	1.116465	-0.206250	-0.017578	0.160601	-0.089166
493	0.911739	0.089998	0.050915	-0.041483	-0.170401
494	1.152607	-0.143329	-0.078760	-0.021784	-0.206739
495	1.034933	0.065966	-0.078514	-0.029995	0.069332
496	0.984109	0.090129	-0.006184	0.069379	0.330233
497	1.157560	-0.002021	0.045146	0.035561	-0.163045
498	0.921217	-0.016159	-0.125812	-0.063052	-0.000153
499	1.135667	-0.035679	-0.014674	-0.115529	0.131798
500	0.992095	-0.079552	0.157361	0.210821	0.124601
501	1.115561	0.063262	0.100331	0.136862	-0.063178
502	0.940770	0.058606	-0.017570	0.042782	0.157054
503	0.963187	0.122483	-0.242157	0.075231	0.077353
504	0.979906	-0.035414	0.069754	-0.007008	0.227150
505	1.018916	0.072477	0.013300	0.051254	-0.063672
506	0.874979	0.094716	-0.002744	0.108558	0.023130
507	1.081227	0.019765	-0.072936	-0.049356	0.115941
508	0.933518	-0.062805	0.034076	-0.144522	0.165517
509	1.032079	-0.037719	-0.086536	-0.059481	-0.118320
510	1.093870	-0.089499	-0.068793	-0.033650	0.058300
511	1.029441	0.007624	0.058613	0.061255	-0.110579
512	1.036754	0.037789	-0.086030	-0.030279	-0.042555
513	0.857158	0.187637	-0.022842	0.026318	0.211064
514	0.978209	-0.027482	0.058085	0.001773	-0.038949
515	1.188655	-0.052676	-0.110450	0.015552	-0.055655
516	1.084073	-0.061822	0.166128	-0.083068	0.110845
517	0.983981	0.186250	0.089900	-0.169158	-0.119070
518	0.975959	-0.166038	-0.014420	0.132820	-0.118695
519	1.044377	0.009282	0.086171	-0.027404	-0.002888
520	0.916161	0.105510	0.073269	0.074340	0.105140
521	0.958562	0.150798	-0.158615	0.066095	-0.008851
522	1.052369	0.112878	0.093534	0.034260	-0.009666
523	1.072163	0.007176	-0.020780	0.039969	0.171114
524	0.987366	0.127874	-0.061380	0.050217	-0.023828
525	0.899111	0.094815	0.219857	0.055861	-0.002661
526	0.989693	-0.134661	-0.084067	0.050316	0.098865
527	1.118536	-0.089740	0.073570	-0.133246	-0.018031
528	0.992962	-0.023428	-0.068769	0.001688	0.088746
529	0.953674	0.016567	-0.109480	-0.018489	0.033541
530	1.108253	0.115156	0.091774	0.136132	-0.000666
531	0.853252	0.031571	0.063672	0.037370	0.068273
532	0.797868	-0.046596	-0.002983	-0.029846	0.006830
533	0.914524	0.089186	0.006813	-0.026572	0.079424
534	1.285665	0.206961	-0.094431	0.161467	0.064137
535	0.828579	0.086389	-0.005689	0.023295	0.209608
536	1.094654	-0.149131	0.051552	-0.029411	-0.190637
537	1.039281	-0.090970	-0.045198	0.043997	0.045252
538	0.913299	0.286592	-0.017402	0.112729	0.113744
539	1.209076	-0.178742	-0.087864	0.132145	0.097341
540	0.931198	-0.189461	0.010121	0.002341	-0.117708
541	0.879077	-0.059176	-0.150815	-0.054882	-0.042116
542	1.142456	0.043649	0.034485	-0.117252	-0.057515
543	0.862580	0.066467	0.067783	-0.151201	-0.171801
544	0.931239	0.135730	-0.053458	0.254283	0.171007
545	0.945128	0.098868	-0.086512	0.153378	-0.020983
546	0.982092	-0.052003	0.097142	0.034316	0.018671
547	0.911025	-0.037166	0.063124	0.001431	-0.019330
548	0.983182	0.061746	-0.158245	-0.062686	0.292224
549	0.805125	0.169022	-0.012566	-0.111206	0.041494
550	1.048741	0.034328	-0.014136	0.003919	-0.044854
551	0.898352	0.111837	0.066334	-0.034394	0.134662
552	1.085423	0.056611	0.228264	0.066096	0.084525
553	0.918604	-0.033246	-0.186815	0.022219	-0.015782
554	1.063931	0.228809	0.091458	-0.025119	0.043681
555	1.025517	-0.040394	0.102259	-0.082168	0.066498
556	0.948518	0.006517	0.134048	0.095269	-0.023875
557	0.901880	-0.097515	0.086145	-0.048528	-0.038553
558	1.003523	0.024620	0.084737	-0.134380	-0.050523
559	1.029909	-0.007492	0.055490	-0.000745	0.033558
560	1.075633	0.048666	-0.009603	0.062230	0.180778
561	1.119880	0.081367	-0.095023	-0.004148	-0.125506
562	0.955189	0.062426	0.080236	-0.174581	0.145151
563	0.918944	-0.061290	0.107723	0.050462	-0.012934
564	1.053500	0.075381	-0.058328	0.104122	0.075064
565	1.082545	0.178000	-0.140707	-0.022434	-0.123945
566	0.953062	-0.124956	-0.074947	-0.272720	-0.062732
567	1.042177	0.023233	-0.110153	-0.060605	-0.085859
568	0.902006	-0.108024	-0.000382	-0.139980	0.050082
569	0.953611	0.047447	-0.024576	-0.147445	0.056377
570	0.938498	-0.069541	0.223570	0.156574	-0.041259
571	0.942180	-0.142433	-0.043375	0.080487	0.070393
572	0.968049	-0.104920	0.035373	-0.069898	-0.101679
573	1.067922	-0.153507	-0.146810	0.017681	-0.016899
574	0.987859	-0.125896	-0.095635	0.033830	0.122218
575	0.993085	-0.104531	-0.006034	-0.010646	0.089504
576	0.824428	0.031637	0.003413	0.095396	-0.076065
577	1.261782	-0.062768	-0.011347	-0.012396	-0.133122
578	1.051577	0.044477	0.080684	0.017459	0.168106
579	1.038064	0.113733	0.188055	-0.127777	0.161322
580	0.894949	-0.125208	-0.057571	-0.171243	0.106465
581	1.087852	-0.061693	-0.128012	0.057016	-0.132429
582	1.048509	0.240649	0.111220	-0.068086	0.032377
583	0.988945	0.121535	0.080674	0.114686	0.168271
584	1.020287	0.210060	-0.069116	0.014798	-0.050864
585	1.048728	-0.036920	0.155583	0.016617	-0.030417
586	0.959863	0.006861	-0.009222	0.069347	0.047224
587	1.106792	-0.023636	0.154732	0.094330	-0.038578
588	0.858896	-0.018250	0.028865	-0.091144	0.131018
589	1.196183	-0.153976	0.065634	-0.020277	0.058813
590	0.923332	0.000367	0.007172	0.076610	0.061072
591	0.978739	0.049582	-0.163359	-0.079048	-0.087169
592	1.061084	0.061836	0.058905	-0.129080	-0.128928
593	0.899037	0.025102	-0.024488	-0.064001	0.057242
594	1.102191	-0.181823	0.031058	0.017302	0.125854
595	0.868837	0.062538	-0.018225	-0.209320	0.163215
596	1.124965	-0.004787	-0.016433	0.066382	-0.017932
597	0.990617	-0.137060	0.053156	-0.008372	-0.015441
598	0.926315	0.163061	-0.007115	0.039185	-0.099391
599	1.034424	-0.033305	-0.049409	-0.069291	0.077184
600	1.029761	-0.065502	-0.083636	-0.274132	0.104476
601	1.041978	-0.115975	0.068577	0.047305	0.024412
602	0.831693	0.022503	-0.025031	0.013219	-0.189210
603	1.120211	-0.039750	0.021869	-0.123699	0.018352
604	1.043108	0.044246	0.094199	0.201560	-0.006274
605	1.057089	0.027770	0.115508	-0.037903	-0.051593
606	0.927930	-0.040080	0.059436	0.003209	-0.055274
607	1.086900	0.052796	-0.026202	-0.145633	0.126643
608	1.037554	-0.150320	0.024910	-0.062109	0.127587
609	0.900294	-0.041311	-0.027506	-0.178847	-0.018075
610	1.075476	0.019530	0.045491	0.075020	0.015801
611	1.146278	0.141787	0.021155	0.042116	0.020551
612	0.854704	0.066379	-0.057323	-0.027082	0.088275
613	0.908216	-0.059442	0.041253	0.135845	-0.017949
614	0.919703	-0.052854	0.020173	0.003515	-0.049150
615	1.062240	0.014537	-0.067330	0.097895	-0.146774
616	0.890291	-0.060370	-0.005818	0.092179	0.063037
617	0.921454	0.016853	0.050234	-0.062155	-0.029196
618	1.210275	-0.038437	0.161680	0.099324	0.058976
619	0.991656	0.119397	-0.056964	0.042973	-0.093980
620	0.961484	-0.008619	0.090446	0.003140	0.048635
621	0.964453	0.022090	0.002850	0.161032	-0.037378
622	0.907217	0.164272	0.020009	-0.071396	-0.002252
623	1.056787	-0.058662	0.051318	-0.098236	-0.102729
624	0.811061	0.022273	0.074740	0.089382	0.150393
625	1.056829	-0.092929	0.179548	-0.102301	-0.088370
626	0.996217	0.105315	0.065495	-0.151808	-0.125572
627	1.112525	0.084822	0.281195	-0.005321	0.083717
628	0.945801	-0.030512	-0.000713	-0.025074	-0.016368
629	0.855452	-0.012400	-0.232757	-0.183402	0.082454
630	1.023887	0.155987	0.259940	-0.055731	0.001058
631	0.894660	-0.072626	-0.079196	-0.032759	-0.096782
632	0.885044	0.137073	-0.136688	0.091218	-0.009981
633	1.177636	0.176435	-0.086611	-0.019222	-0.031289
634	0.838008	-0.145069	0.090768	0.062730	0.042287
635	0.959630	0.124366	0.022854	-0.203310	-0.009956
636	1.035562	-0.235792	0.149596	-0.299959	-0.084359
637	1.072296	-0.017951	-0.062633	0.125406	0.014180
638	1.154647	0.024827	-0.145766	-0.022507	0.006608
639	0.974355	0.010320	0.022995	-0.024056	0.017997
640	0.919864	-0.088604	-0.016010	-0.040509	0.040779
641	0.910254	-0.110145	-0.052828	-0.055938	0.049153
642	0.963882	0.111273	-0.008817	-0.113612	0.001979
643	0.948488	-0.021159	0.190831	-0.005303	-0.060227
644	0.863597	-0.092668	-0.062023	-0.152389	-0.069785
645	1.132943	0.156166	-0.147176	-0.065784	-0.076317
646	1.009777	-0.075757	0.075648	0.003396	0.013433
647	1.156388	0.193636	-0.149368	-0.201850	0.219252
648	0.864650	-0.005341	-0.127494	-0.008362	0.134813
649	1.036828	0.082019	0.011187	-0.187038	-0.104948
650	1.041609	0.113734	-0.073474	-0.034202	0.110198
651	1.103897	0.027926	0.104744	-0.065449	-0.057942
652	1.101083	0.091729	-0.014100	0.031042	-0.028483
653	1.161496	0.088962	0.000548	-0.088217	0.058746
654	0.958503	-0.121901	0.134035	-0.039850	-0.088378
655	0.987849	0.097240	-0.009538	-0.000522	0.176835
656	1.009500	-0.154863	0.121132	-0.088031	-0.203770
657	0.957673	0.019137	-0.076832	-0.025519	-0.000676
658	1.039526	-0.032051	0.125807	-0.180770	-0.232383
659	0.999988	-0.043548	-0.017219	0.050983	0.015331
660	1.014800	0.069501	0.192083	-0.022718	-0.004395
661	0.884705	-0.040627	0.133562	-0.057681	0.057844
662	1.064712	0.073287	-0.103576	0.017375	0.011791
663	0.998164	0.042478	-0.033680	-0.081202	-0.159003
664	0.924730	0.075945	0.179751	0.045051	0.058818
665	1.085235	0.053407	-0.122030	-0.039952	0.062155
666	1.005150	0.057002	-0.016269	0.097396	-0.081457
667	0.966844	0.079222	0.032662	-0.069233	0.021800
668	0.839513	-0.026846	-0.012743	0.009852	0.059792
669	0.830223	0.186271	0.152985	0.305058	-0.024037
670	0.904029	0.133885	-0.156789	-0.105764	-0.061150
671	1.028748	0.080538	-0.097925	0.019180	0.159629
672	0.884564	-0.111059	0.136816	-0.121172	-0.049021
673	1.005036	-0.124638	-0.065676	-0.023243	-0.042948
674	1.116641	0.010025	-0.146217	0.039156	0.215135
675	1.117984	-0.023308	0.099636	0.150431	-0.075353
676	1.200442	-0.111569	0.025985	0.073778	-0.152029
677	0.961086	-0.001135	0.007825	-0.088938	0.004329
678	1.153434	0.012877	-0.021329	-0.125769	-0.033749
679	0.877928	-0.041001	0.036166	0.167006	-0.125784
680	1.051934	0.155148	-0.213687	-0.077102	0.079643
681	1.074766	0.199121	0.111088	0.169952	0.109277
682	0.930516	-0.098002	-0.079898	-0.074223	-0.177427
683	1.021831	0.037230	0.095535	0.309209	-0.202870
684	0.978205	-0.002740	-0.133700	-0.223555	0.058488
685	1.018628	0.085535	0.178546	0.030095	-0.264169
686	1.018614	0.130692	-0.083057	0.012976	0.079690
687	1.074169	0.158774	0.045203	-0.006741	0.028804
688	0.999065	0.030699	0.000538	-0.109285	-0.133677
689	1.060178	-0.031312	-0.232402	0.027951	0.053909
690	1.056399	0.172655	0.063218	-0.035616	0.069905
691	0.986327	0.073591	-0.086924	0.015779	-0.160596
692	0.999414	0.047104	0.086115	0.064067	0.094450
693	1.102108	-0.029376	0.026322	-0.057445	0.171860
694	0.833233	-0.082427	0.028196	-0.195234	0.026570
695	0.938775	-0.112331	0.044634	0.185668	-0.041823
696	1.024596	-0.018641	-0.077294	-0.057212	-0.001250
697	1.015527	-0.037515	-0.023209	0.097206	-0.024107
698	0.793466	-0.064568	0.044211	-0.002834	-0.035036
699	0.963639	0.088705	0.012608	0.163310	-0.048873
700	1.002484	0.151388	-0.031369	0.129132	-0.050025
701	1.065972	0.071782	0.054930	0.070618	0.116114
702	1.202319	-0.074004	0.079049	-0.040302	-0.024654
703	1.020545	-0.093708	-0.169342	0.080000	0.054007
704	0.967380	0.181107	0.120424	-0.202291	-0.000091
705	0.960552	0.048691	-0.035098	-0.064995	0.166958
706	0.924792	-0.148762	0.002794	-0.091205	0.225818
707	0.836683	0.032933	-0.113324	0.133069	-0.005981
708	0.969116	-0.016711	0.174375	0.061869	-0.179397
709	1.011579	0.021835	0.092048	-0.267941	-0.066720
710	0.893037	-0.063356	0.030429	-0.095783	-0.018469
711	1.035563	0.300848	0.083624	0.076539	0.019019
712	0.945249	0.132700	-0.085783	0.118253	-0.066247
713	1.040989	-0.052903	0.236485	0.169305	-0.040175
714	1.076678	-0.122288	-0.006815	-0.109189	-0.065704
715	0.882191	0.162157	0.001836	0.023794	-0.107026
716	0.837645	-0.054416	0.058895	0.064114	-0.144524
717	1.351908	0.034487	0.075475	-0.013303	0.090948
718	0.985196	0.015750	0.050796	0.106394	0.136999
719	0.721762	-0.148358	0.188465	0.110116	0.009077
720	1.011394	0.006634	-0.081162	-0.061345	0.114776
721	1.151305	0.036838	-0.085445	-0.037501	0.039151
722	0.963088	-0.037898	-0.149063	-0.099228	-0.042883
723	0.884816	0.032355	0.162775	0.097417	-0.007860
724	0.880739	-0.292443	-0.044362	-0.150432	-0.014477
725	0.998272	-0.028291	0.021975	-0.003348	-0.117123
726	0.965655	0.072272	-0.160521	-0.089178	0.111746
727	1.020258	0.141447	-0.324018	-0.104538	-0.001269
728	0.780613	0.078882	-0.011448	-0.081625	-0.190515
729	0.978744	-0.023025	0.111697	-0.007755	0.106593
730	1.152908	0.066652	0.004736	0.017750	-0.055909
731	0.854871	0.064307	0.085183	-0.013969	0.097827
732	0.840315	-0.051634	-0.101819	-0.035062	0.021159
733	1.118501	0.049474	-0.039995	0.026087	0.020482
734	0.989160	0.014630	-0.005984	-0.128433	-0.063863
735	1.161195	-0.111369	-0.078005	-0.039141	-0.006092
736	0.877163	0.039073	0.090292	0.096304	0.192541
737	1.057565	-0.109110	0.046297	0.000825	0.008052
738	1.026176	0.065497	-0.067852	-0.072302	0.073062
739	0.939493	0.001726	0.076694	-0.075303	0.071003
740	0.749910	-0.025479	-0.092891	0.057110	0.167744
741	1.148040	0.010992	0.015056	0.001722	-0.176223
742	0.817910	-0.070708	0.038727	0.001775	-0.014719
743	0.914351	-0.016727	0.014494	-0.059964	0.145425
744	1.227522	-0.002083	-0.116858	-0.053238	-0.043051
745	1.201203	0.097667	0.154986	0.020368	-0.047490
746	0.951540	0.024008	0.130710	0.085969	-0.064809
747	0.835688	0.081011	-0.064475	0.159980	0.010459
748	0.976399	-0.088999	-0.030499	-0.121252	0.018208
749	0.981188	-0.091746	-0.238244	0.171247	-0.133647
750	0.852967	0.071459	-0.037850	0.059619	0.122515
751	0.991972	0.007509	-0.083813	0.147119	0.015056
752	1.067640	0.065237	0.016884	0.034169	0.155466
753	0.949321	0.026906	-0.198770	0.137886	-0.107017
754	0.906671	-0.238184	-0.124207	-0.147778	0.155187
755	0.960708	-0.101448	0.065646	0.182054	0.022374
756	1.028114	0.039200	0.103638	-0.013518	0.000073
757	0.862820	-0.169070	0.027199	-0.157677	0.011911
758	0.901585	0.025185	-0.199038	0.053720	-0.004315
759	1.068328	0.150848	-0.167604	-0.123474	0.097320
760	1.048589	-0.012417	0.023651	0.117735	-0.022307
761	0.882249	-0.111797	0.060143	0.206370	0.021880
762	0.768349	-0.001914	0.077231	-0.102505	-0.097267
763	0.835106	0.097387	-0.050262	0.057806	-0.035668
764	1.066881	-0.000593	-0.073087	-0.112885	0.126928
765	1.172554	0.029358	0.063645	0.010809	0.037919
766	1.026989	0.163445	-0.112936	0.150149	0.131147
767	1.022189	-0.026996	-0.063634	-0.152390	-0.067703
768	0.994482	0.083944	0.052588	-0.042312	0.110474
769	1.090038	-0.172014	-0.168886	0.047397	0.016953
770	1.053702	0.196675	-0.169884	-0.031550	0.047918
771	0.854582	-0.015629	0.098381	0.007665	0.104353
772	0.930462	0.139068	0.046430	-0.068660	0.083297
773	1.158994	0.132578	0.225575	0.169005	0.064908
774	0.948184	-0.160215	-0.077718	-0.177331	0.019895
775	1.044369	0.075685	-0.017075	-0.073603	0.031065
776	0.918887	-0.095169	-0.059165	0.137980	0.021468
777	1.245199	-0.025222	0.116201	0.017216	-0.066191
778	0.829117	-0.059159	-0.059494	-0.121442	-0.173897
779	1.000192	0.167741	0.047606	0.014679	0.101501
780	0.988049	0.041647	0.033060	-0.043627	-0.008028
781	1.058815	0.199603	0.018063	0.101335	0.087249
782	0.940402	0.026004	-0.012927	-0.074343	-0.050573
783	1.147852	0.020017	-0.059204	-0.103390	-0.062373
784	1.083597	0.158081	0.082893	0.104273	-0.103036
785	1.135515	0.016544	0.005982	0.030456	-0.042338
786	1.077254	0.061768	0.120885	0.023965	0.041206
787	1.145818	-0.048252	-0.111267	0.035468	-0.124522
788	0.987078	0.074969	-0.109781	0.154685	-0.030276
789	0.771250	-0.059863	-0.047034	0.274959	-0.270934
790	0.877016	-0.006769	0.002854	0.186348	-0.101170
791	0.972620	0.133613	-0.071332	0.037048	0.076034
792	1.042909	-0.227422	0.112886	0.008033	0.094455
793	0.932123	-0.066421	0.057222	-0.033806	0.022191
794	1.004514	-0.060618	0.049083	-0.102082	0.162601
795	1.071016	0.047149	0.120238	0.045218	-0.023392
796	0.966189	0.103254	-0.137108	-0.142368	-0.020324
797	1.040736	-0.052729	-0.133346	-0.086804	-0.010075
798	0.790832	-0.098544	0.064327	-0.204422	-0.091496
799	0.960117	0.023978	-0.111465	-0.051774	0.003352
800	1.204599	-0.143610	-0.021695	0.043131	-0.009315
801	0.830993	-0.054768	0.123422	-0.123705	-0.012394
802	0.964726	0.008353	0.106557	0.166049	-0.069340
803	1.137276	-0.025293	0.024395	-0.086632	0.031070
804	1.106701	-0.134113	0.074716	0.007458	0.001804
805	0.916134	-0.156527	0.102375	0.231310	0.098197
806	0.892425	-0.087209	0.187860	0.048421	0.010754
807	0.926104	-0.203133	0.004388	0.241831	-0.040045
808	1.086064	0.102548	0.013832	-0.111079	-0.035504
809	1.113570	-0.134607	0.109347	0.106582	-0.076477
810	1.161355	0.129766	0.048325	-0.009460	0.084430
811	0.931048	-0.098282	-0.146909	0.027713	0.002845
812	0.928401	-0.069058	-0.072046	-0.133092	0.053014
813	0.984320	0.045654	0.127301	-0.085857	-0.038837
814	1.135152	-0.088904	-0.265679	0.046318	-0.042852
815	0.839396	0.144897	-0.001807	-0.223117	-0.165125
816	0.962112	0.123200	0.059656	0.019482	-0.094461
817	0.938510	0.149141	-0.024409	0.245881	0.221048
818	1.051317	-0.031422	0.019516	-0.076339	0.020137
819	0.945166	0.041790	-0.108007	0.089548	-0.165205
820	1.021644	0.075921	-0.095371	-0.204769	0.023941
821	0.880243	0.118273	0.062688	-0.054231	0.115833
822	0.931859	0.084581	-0.103420	-0.049053	-0.119964
823	0.993306	-0.011150	0.161901	0.030688	0.003517
824	0.899976	-0.111935	-0.093578	0.128804	0.026630
825	1.065213	0.032264	0.047600	0.358818	-0.042394
826	1.049882	-0.012077	-0.067936	-0.193835	0.121943
827	1.087177	0.065577	-0.046312	0.074014	0.074655
828	0.890145	-0.033015	0.131813	-0.053252	-0.033905
829	1.034767	-0.041638	0.030775	-0.127609	-0.058472
830	0.923645	-0.077441	0.070076	0.114214	0.077332
831	0.946852	0.187485	-0.092963	0.100775	0.061975
832	1.012626	-0.029155	0.126613	0.058711	-0.099045
833	1.134530	0.044967	0.086675	0.007453	0.088309
834	0.949740	-0.091060	-0.109067	-0.247751	-0.082098
835	0.952497	0.217093	-0.124250	-0.114252	0.050320
836	1.039096	-0.066345	-0.113361	-0.085113	-0.010496
837	1.051697	-0.039076	-0.144561	0.008150	0.124550
838	1.038331	-0.029675	-0.003490	-0.107841	-0.050180
839	0.910439	-0.104548	-0.036248	0.120802	-0.103079
840	1.034783	0.068885	0.031473	-0.029898	0.026934
841	1.158449	-0.110732	-0.100994	-0.008864	0.042720
842	0.804109	0.118718	0.072543	0.009032	0.061418
843	1.007580	-0.045984	0.051926	0.107344	0.027105
844	0.967427	0.076642	-0.055968	0.034331	0.027203
845	0.915517	0.060464	-0.134286	0.087732	-0.125284
846	0.982666	0.023115	-0.070514	0.039607	0.057274
847	1.136453	-0.054018	-0.176774	0.067293	0.180392
848	1.161078	0.128059	0.105325	-0.083631	-0.005493
849	1.103824	0.161176	-0.032483	-0.127428	0.030155
850	0.764542	-0.149264	-0.090779	-0.139882	-0.108974
851	0.971312	0.041414	-0.046456	0.016007	0.132625
852	0.992310	-0.052909	-0.115181	-0.131890	0.009364
853	1.020933	0.058908	0.006970	-0.000581	0.084065
854	0.969609	-0.040110	0.017441	0.155517	-0.027480
855	0.782580	0.112477	-0.169576	0.005030	-0.019212
856	1.061393	0.046149	-0.057591	0.098052	-0.141759
857	0.979472	0.110919	0.157668	-0.058631	-0.030284
858	0.921314	0.042778	0.071684	-0.017774	0.038757
859	0.988001	-0.072368	-0.052367	-0.101542	0.051657
860	0.848066	0.058483	-0.278349	-0.000534	-0.080787
861	0.953150	0.014172	0.086612	0.080726	-0.057991
862	1.091217	0.134976	-0.058192	0.071473	-0.072207
863	0.872540	0.038025	-0.033300	-0.025230	0.030498
864	0.921599	0.035346	-0.111866	-0.103315	0.050691
865	0.931147	0.141525	-0.013132	-0.114294	0.154458
866	0.790788	-0.075197	0.249472	0.033643	-0.059972
867	1.112091	-0.014004	0.042236	-0.062610	0.012204
868	1.044815	-0.025089	0.188056	0.193825	0.245184
869	1.183764	0.194673	-0.003993	-0.011250	-0.036086
870	1.013208	-0.010737	0.107891	-0.056775	-0.039772
871	0.933800	-0.046539	0.101040	0.234247	0.028529
872	0.888519	0.003294	-0.010029	-0.077487	0.053580
873	1.037938	0.015840	0.262527	0.051243	-0.046699
874	0.758865	0.009461	-0.035872	-0.083220	0.131882
875	0.930883	0.111062	-0.105072	0.233575	0.165895
876	0.937253	0.057417	-0.081545	0.112009	0.079950
877	0.875411	0.074090	-0.020943	0.101142	-0.019044
878	1.020684	-0.069814	0.105561	-0.112753	-0.057250
879	1.091013	0.010404	0.109313	-0.029777	-0.004034
880	0.976013	0.102228	-0.072748	-0.011295	0.023532
881	0.848769	0.103168	0.091429	-0.008201	0.025584
882	1.084259	0.123799	-0.005427	0.076973	0.044629
883	1.063032	0.150849	-0.081509	0.001120	-0.106893
884	0.939206	-0.171489	-0.050063	-0.006432	-0.064745
885	0.920153	0.122006	0.176988	0.059004	-0.010212
886	0.986390	0.106434	0.022346	0.005772	-0.135482
887	1.108461	-0.033750	0.029106	-0.055764	0.032649
888	0.927402	-0.011049	0.153663	-0.069615	0.058664
889	0.887921	0.054187	0.012987	0.035677	0.033979
890	1.021690	0.051671	-0.053012	-0.163069	0.103917
891	1.044054	-0.151486	0.074525	-0.111195	0.053845
892	1.151886	-0.064873	-0.024512	-0.087698	0.052217
893	1.095767	-0.018797	-0.044431	0.005009	0.026151
894	1.097619	0.185266	0.111901	0.036223	-0.039123
895	0.851864	0.035614	-0.037128	-0.042635	-0.108475
896	0.978105	0.015487	0.023885	-0.046559	0.003326
897	1.056746	0.073900	-0.001470	0.016903	-0.092174
898	0.904500	0.058355	-0.041971	0.038900	-0.113319
899	0.853145	0.042788	-0.117787	-0.032276	-0.207017
900	1.137323	-0.130618	-0.033638	-0.032636	-0.054045
901	0.891619	-0.100926	-0.019560	0.113195	0.048441
902	0.917742	0.040656	-0.135776	-0.032882	-0.081480
903	1.114867	0.125542	0.152867	-0.051035	-0.139061
904	0.999993	0.063999	0.106242	0.000172	0.178247
905	1.050550	0.020976	0.017451	0.057372	0.032963
906	0.989694	0.081294	0.270701	0.141521	-0.107109
907	0.817792	-0.244232	-0.052133	0.080557	0.019761
908	1.069351	-0.061253	0.100095	-0.069761	0.023973
909	1.030297	-0.025922	0.087326	0.222072	-0.002584
910	1.092167	-0.090239	0.336549	0.070190	0.059116
911	1.034298	-0.083621	0.127155	-0.131505	-0.151626
912	0.875986	0.073516	0.014156	0.000525	0.060758
913	1.008515	-0.072699	0.149530	0.060067	0.175386
914	0.976652	-0.076104	-0.101906	0.016865	0.024705
915	1.047423	0.132222	-0.053530	-0.148530	-0.083143
916	0.985290	-0.000086	-0.024533	-0.058069	0.086800
917	0.994348	0.090010	0.189129	0.119497	0.077705
918	1.028428	-0.152109	-0.037846	-0.003085	-0.127217
919	0.918243	0.054679	0.074550	-0.052855	0.083116
920	1.041570	0.021582	-0.119375	-0.229940	-0.089379
921	1.011448	-0.042411	0.048846	0.158886	-0.060397
922	0.895909	-0.119571	-0.155681	0.046428	0.053765
923	0.919644	-0.010194	-0.118027	0.068280	0.131364
924	0.832316	0.250134	0.074460	-0.023154	-0.120058
925	1.127038	-0.058876	0.101865	-0.031566	0.220619
926	1.007655	-0.089358	-0.137789	0.006578	0.016215
927	0.909288	0.025943	0.085364	-0.049982	-0.022608
928	1.012496	-0.064574	0.188665	-0.001804	-0.299108
929	1.034967	-0.019555	0.121256	-0.049517	-0.008901
930	0.876021	0.004003	0.115064	0.051374	-0.110173
931	0.955042	-0.024809	0.218837	-0.066056	-0.098294
932	0.823774	-0.020915	0.224475	0.018416	-0.165343
933	0.903936	-0.103021	-0.088333	-0.224450	-0.054256
934	1.018601	0.044194	0.093477	0.044907	-0.054939
935	1.013450	-0.000949	0.097574	-0.036513	-0.103617
936	1.017513	-0.152453	-0.192118	-0.059236	0.062783
937	0.824866	0.067294	0.118689	0.019505	0.034275
938	1.026382	0.095157	-0.097547	-0.109937	-0.096617
939	0.851441	-0.024835	-0.053629	0.072243	-0.173386
940	1.039983	-0.148417	-0.113994	0.109115	0.133472
941	1.010024	0.024842	-0.067767	-0.023947	-0.129694
942	1.004300	-0.149199	0.039936	0.046424	-0.059742
943	1.015804	-0.180174	0.140750	0.056483	0.261737
944	0.888912	-0.010950	-0.122199	-0.203243	0.064736
945	1.050175	-0.179757	0.095649	-0.074914	0.125162
946	0.915638	0.124124	-0.044004	-0.038462	0.076224
947	1.018654	0.151388	0.014896	-0.013405	-0.100003
948	1.013482	-0.024468	-0.027934	-0.131023	-0.049972
949	1.053915	-0.115766	-0.020276	-0.064244	0.115211
950	1.026556	0.002637	0.000269	-0.050581	0.012125
951	0.909082	-0.051758	-0.015836	0.017360	0.114103
952	1.162302	-0.195176	-0.042556	-0.152610	0.072813
953	0.880180	-0.134259	-0.053461	-0.012079	0.165632
954	1.019469	-0.104066	-0.007194	0.164998	-0.100354
955	1.075048	0.088251	-0.028556	-0.070573	-0.057296
956	0.932944	0.035468	-0.114204	-0.024263	-0.133402
957	0.933237	-0.005470	0.181190	0.020987	0.019455
958	1.013184	0.015098	0.025800	-0.051157	-0.010692
959	1.115383	-0.114183	-0.162460	-0.223638	-0.012939
960	0.942173	0.055469	-0.086232	-0.199358	0.139517
961	0.961153	-0.139364	0.010582	0.071441	-0.100041
962	1.036783	0.216342	0.116941	-0.150626	-0.030527
963	1.141741	-0.128727	0.076230	-0.045472	-0.077557
964	0.899686	0.047513	0.072615	0.025118	-0.026177
965	0.974367	0.008769	0.086536	0.079038	0.153721
966	1.058095	-0.141238	0.007051	-0.057523	-0.069677
967	1.051191	0.101619	0.033923	0.012461	-0.052246
968	1.113435	-0.028356	-0.050289	-0.037698	-0.037150
969	0.944930	-0.074154	-0.110593	0.055579	0.075356
970	1.013780	-0.061229	0.047658	0.032164	0.021552
971	0.894447	-0.098494	-0.029097	0.086500	-0.039342
972	1.091421	0.071932	-0.251541	-0.021235	0.178876
973	0.989354	-0.053794	0.083658	-0.040451	0.150328
974	1.005765	-0.040364	0.041511	0.081664	0.075550
975	0.988440	0.151104	0.252937	-0.033013	0.151576
976	0.907560	0.069552	0.037422	0.007764	0.038380
977	1.014809	0.047547	0.176163	-0.010220	-0.077576
978	1.152307	-0.056382	-0.218421	-0.021809	0.066265
979	1.076134	0.082982	-0.080094	0.015221	-0.073773
980	1.014166	-0.041800	-0.070747	-0.152412	-0.068507
981	0.948760	0.033603	-0.049198	0.184156	0.060863
982	1.034872	-0.007858	0.051195	0.140077	0.020520
983	0.801631	0.210517	0.109386	0.163175	-0.087154
984	1.011616	-0.106577	0.169882	-0.182303	-0.111205
985	1.086886	-0.017953	-0.031553	-0.110744	-0.028317
986	0.893022	0.143164	-0.018205	-0.074188	0.007862
987	0.967591	0.031141	0.017233	0.010547	0.066933
988	1.013885	-0.024699	-0.098049	0.081369	-0.223834
989	0.978967	-0.033332	-0.167613	-0.001592	-0.122850
990	1.091544	-0.020277	0.015917	0.030780	-0.036971
991	0.987108	0.106671	-0.039506	0.067310	-0.062528
992	0.958934	-0.076193	-0.117078	-0.061327	-0.101263
993	1.059733	0.168717	-0.171179	-0.038372	0.075271
994	0.943245	0.065471	-0.074243	0.282845	0.158091
995	1.112818	-0.070138	-0.123814	0.037288	-0.080209
996	0.968776	-0.010659	-0.284601	-0.087608	0.143977
997	0.947435	-0.038001	-0.031472	-0.065017	0.219158
998	0.947113	0.100960	0.052019	0.000997	-0.027641
999	1.036573	0.023670	0.006434	-0.081919	-0.022259
1000	0.832603	-0.188873	0.028300	0.141070	0.053328